basomrade,year,cumulative_immigration_surplus_min_3_years_of_higher_education_aged_25_64
4111110_norra_runby,2000,-5
4111110_norra_runby,2001,-4
4111110_norra_runby,2002,-6
4111110_norra_runby,2003,-2
4111110_norra_runby,2004,-3
4111110_norra_runby,2005,-22
4111110_norra_runby,2006,-27
4111110_norra_runby,2007,-28
4111110_norra_runby,2008,-33
4111110_norra_runby,2009,-28
4111110_norra_runby,2010,-17
4111110_norra_runby,2011,-12
4111110_norra_runby,2012,-16
4111110_norra_runby,2013,-2
4111110_norra_runby,2014,22
4111120_sodra_runby,2000,3
4111120_sodra_runby,2001,-1
4111120_sodra_runby,2002,-4
4111120_sodra_runby,2003,-8
4111120_sodra_runby,2004,-13
4111120_sodra_runby,2005,-15
4111120_sodra_runby,2006,-12
4111120_sodra_runby,2007,-10
4111120_sodra_runby,2008,-4
4111120_sodra_runby,2009,-2
4111120_sodra_runby,2010,-4
4111120_sodra_runby,2011,-3
4111120_sodra_runby,2012,-14
4111120_sodra_runby,2013,-15
4111120_sodra_runby,2014,-16
4111130_runby_lovsta,2000,-1
4111130_runby_lovsta,2001,-13
4111130_runby_lovsta,2002,-9
4111130_runby_lovsta,2003,-11
4111130_runby_lovsta,2004,-13
4111130_runby_lovsta,2005,-7
4111130_runby_lovsta,2006,-17
4111130_runby_lovsta,2007,-8
4111130_runby_lovsta,2008,-12
4111130_runby_lovsta,2009,-10
4111130_runby_lovsta,2010,-11
4111130_runby_lovsta,2011,-11
4111130_runby_lovsta,2012,-4
4111130_runby_lovsta,2013,3
4111130_runby_lovsta,2014,8
4111140_prastgardsmarken,2000,5
4111140_prastgardsmarken,2001,-2
4111140_prastgardsmarken,2002,-8
4111140_prastgardsmarken,2003,-11
4111140_prastgardsmarken,2004,-18
4111140_prastgardsmarken,2005,-33
4111140_prastgardsmarken,2006,-42
4111140_prastgardsmarken,2007,-27
4111140_prastgardsmarken,2008,-33
4111140_prastgardsmarken,2009,-43
4111140_prastgardsmarken,2010,-46
4111140_prastgardsmarken,2011,-46
4111140_prastgardsmarken,2012,-48
4111140_prastgardsmarken,2013,-58
4111140_prastgardsmarken,2014,-53
4111900_eds_glesbygd,2000,3
4111900_eds_glesbygd,2001,6
4111900_eds_glesbygd,2002,7
4111900_eds_glesbygd,2003,7
4111900_eds_glesbygd,2004,3
4111900_eds_glesbygd,2005,3
4111900_eds_glesbygd,2006,4
4111900_eds_glesbygd,2007,-2
4111900_eds_glesbygd,2008,1
4111900_eds_glesbygd,2009,-1
4111900_eds_glesbygd,2010,0
4111900_eds_glesbygd,2011,1
4111900_eds_glesbygd,2012,-5
4111900_eds_glesbygd,2013,-5
4111900_eds_glesbygd,2014,1
4122100_lowenstromska_sjukhuset,2000,-2
4122100_lowenstromska_sjukhuset,2001,-4
4122100_lowenstromska_sjukhuset,2002,-1
4122100_lowenstromska_sjukhuset,2003,5
4122100_lowenstromska_sjukhuset,2004,2
4122100_lowenstromska_sjukhuset,2005,3
4122100_lowenstromska_sjukhuset,2006,2
4122100_lowenstromska_sjukhuset,2007,-1
4122100_lowenstromska_sjukhuset,2008,-3
4122100_lowenstromska_sjukhuset,2009,-9
4122100_lowenstromska_sjukhuset,2010,-9
4122100_lowenstromska_sjukhuset,2011,-6
4122100_lowenstromska_sjukhuset,2012,0
4122100_lowenstromska_sjukhuset,2013,-4
4122100_lowenstromska_sjukhuset,2014,7
4122210_norra_vilunda,2000,1
4122210_norra_vilunda,2001,-2
4122210_norra_vilunda,2002,-2
4122210_norra_vilunda,2003,2
4122210_norra_vilunda,2004,0
4122210_norra_vilunda,2005,2
4122210_norra_vilunda,2006,11
4122210_norra_vilunda,2007,12
4122210_norra_vilunda,2008,11
4122210_norra_vilunda,2009,21
4122210_norra_vilunda,2010,16
4122210_norra_vilunda,2011,19
4122210_norra_vilunda,2012,18
4122210_norra_vilunda,2013,14
4122210_norra_vilunda,2014,10
4122230_apoteksskogen,2000,3
4122230_apoteksskogen,2001,3
4122230_apoteksskogen,2002,-2
4122230_apoteksskogen,2003,2
4122230_apoteksskogen,2004,2
4122230_apoteksskogen,2005,-8
4122230_apoteksskogen,2006,-10
4122230_apoteksskogen,2007,-10
4122230_apoteksskogen,2008,-10
4122230_apoteksskogen,2009,-14
4122230_apoteksskogen,2010,-21
4122230_apoteksskogen,2011,-8
4122230_apoteksskogen,2012,-16
4122230_apoteksskogen,2013,-9
4122230_apoteksskogen,2014,-9
4122240_vasbyskogen,2000,-3
4122240_vasbyskogen,2001,-2
4122240_vasbyskogen,2002,-15
4122240_vasbyskogen,2003,-23
4122240_vasbyskogen,2004,-39
4122240_vasbyskogen,2005,-36
4122240_vasbyskogen,2006,-54
4122240_vasbyskogen,2007,-68
4122240_vasbyskogen,2008,-84
4122240_vasbyskogen,2009,-86
4122240_vasbyskogen,2010,-81
4122240_vasbyskogen,2011,-92
4122240_vasbyskogen,2012,-108
4122240_vasbyskogen,2013,-103
4122240_vasbyskogen,2014,-110
4122310_korpkulla,2000,10
4122310_korpkulla,2001,5
4122310_korpkulla,2002,29
4122310_korpkulla,2003,24
4122310_korpkulla,2004,-3
4122310_korpkulla,2005,3
4122310_korpkulla,2006,2
4122310_korpkulla,2007,-7
4122310_korpkulla,2008,-25
4122310_korpkulla,2009,-44
4122310_korpkulla,2010,-52
4122310_korpkulla,2011,-18
4122310_korpkulla,2012,-39
4122310_korpkulla,2013,-43
4122310_korpkulla,2014,-68
4122340_vilunda,2000,2
4122340_vilunda,2001,-4
4122340_vilunda,2002,-9
4122340_vilunda,2003,-19
4122340_vilunda,2004,-28
4122340_vilunda,2005,-30
4122340_vilunda,2006,-54
4122340_vilunda,2007,-43
4122340_vilunda,2008,-48
4122340_vilunda,2009,-56
4122340_vilunda,2010,-65
4122340_vilunda,2011,-62
4122340_vilunda,2012,-60
4122340_vilunda,2013,-63
4122340_vilunda,2014,-87
4122420_norra_smedby,2000,-11
4122420_norra_smedby,2001,-8
4122420_norra_smedby,2002,-13
4122420_norra_smedby,2003,-27
4122420_norra_smedby,2004,-50
4122420_norra_smedby,2005,-48
4122420_norra_smedby,2006,-49
4122420_norra_smedby,2007,-50
4122420_norra_smedby,2008,-58
4122420_norra_smedby,2009,-67
4122420_norra_smedby,2010,-61
4122420_norra_smedby,2011,-47
4122420_norra_smedby,2012,-35
4122420_norra_smedby,2013,-31
4122420_norra_smedby,2014,-35
4122430_sodra_smedby,2000,6
4122430_sodra_smedby,2001,9
4122430_sodra_smedby,2002,10
4122430_sodra_smedby,2003,4
4122430_sodra_smedby,2004,8
4122430_sodra_smedby,2005,-1
4122430_sodra_smedby,2006,3
4122430_sodra_smedby,2007,-6
4122430_sodra_smedby,2008,-7
4122430_sodra_smedby,2009,-13
4122430_sodra_smedby,2010,-13
4122430_sodra_smedby,2011,-16
4122430_sodra_smedby,2012,-14
4122430_sodra_smedby,2013,-8
4122430_sodra_smedby,2014,-1
4122520_skalby,2000,0
4122520_skalby,2001,-3
4122520_skalby,2002,-6
4122520_skalby,2003,-13
4122520_skalby,2004,-20
4122520_skalby,2005,-23
4122520_skalby,2006,-22
4122520_skalby,2007,-20
4122520_skalby,2008,-22
4122520_skalby,2009,-24
4122520_skalby,2010,-4
4122520_skalby,2011,-3
4122520_skalby,2012,-6
4122520_skalby,2013,-6
4122520_skalby,2014,-4
4122530_carlslund,2000,-8
4122530_carlslund,2001,-8
4122530_carlslund,2002,-19
4122530_carlslund,2003,-36
4122530_carlslund,2004,-48
4122530_carlslund,2005,-43
4122530_carlslund,2006,-29
4122530_carlslund,2007,-23
4122530_carlslund,2008,-26
4122530_carlslund,2009,-36
4122530_carlslund,2010,-13
4122530_carlslund,2011,-7
4122530_carlslund,2012,-16
4122530_carlslund,2013,-3
4122530_carlslund,2014,12
4122540_brunnby,2000,6
4122540_brunnby,2001,3
4122540_brunnby,2002,6
4122540_brunnby,2003,4
4122540_brunnby,2004,9
4122540_brunnby,2005,13
4122540_brunnby,2006,11
4122540_brunnby,2007,12
4122540_brunnby,2008,10
4122540_brunnby,2009,4
4122540_brunnby,2010,4
4122540_brunnby,2011,0
4122540_brunnby,2012,6
4122540_brunnby,2013,2
4122540_brunnby,2014,5
4122600_vastra_odenslunda,2000,-5
4122600_vastra_odenslunda,2001,-5
4122600_vastra_odenslunda,2002,-7
4122600_vastra_odenslunda,2003,-7
4122600_vastra_odenslunda,2004,-8
4122600_vastra_odenslunda,2005,-3
4122600_vastra_odenslunda,2006,-4
4122600_vastra_odenslunda,2007,-11
4122600_vastra_odenslunda,2008,-12
4122600_vastra_odenslunda,2009,-6
4122600_vastra_odenslunda,2010,-2
4122600_vastra_odenslunda,2011,-6
4122600_vastra_odenslunda,2012,-6
4122600_vastra_odenslunda,2013,-4
4122600_vastra_odenslunda,2014,-8
4133110_sanda,2000,0
4133110_sanda,2001,-3
4133110_sanda,2002,-3
4133110_sanda,2003,-6
4133110_sanda,2004,-6
4133110_sanda,2005,-6
4133110_sanda,2006,-6
4133110_sanda,2007,-6
4133110_sanda,2008,22
4133110_sanda,2009,75
4133110_sanda,2010,88
4133110_sanda,2011,102
4133110_sanda,2012,120
4133110_sanda,2013,129
4133110_sanda,2014,132
4133120_ostra_odenslunda,2000,-1
4133120_ostra_odenslunda,2001,1
4133120_ostra_odenslunda,2002,-3
4133120_ostra_odenslunda,2003,5
4133120_ostra_odenslunda,2004,23
4133120_ostra_odenslunda,2005,39
4133120_ostra_odenslunda,2006,34
4133120_ostra_odenslunda,2007,31
4133120_ostra_odenslunda,2008,27
4133120_ostra_odenslunda,2009,33
4133120_ostra_odenslunda,2010,37
4133120_ostra_odenslunda,2011,64
4133120_ostra_odenslunda,2012,80
4133120_ostra_odenslunda,2013,73
4133120_ostra_odenslunda,2014,72
4133200_frestaby,2000,-5
4133200_frestaby,2001,-3
4133200_frestaby,2002,-4
4133200_frestaby,2003,-20
4133200_frestaby,2004,-23
4133200_frestaby,2005,-21
4133200_frestaby,2006,-17
4133200_frestaby,2007,-7
4133200_frestaby,2008,6
4133200_frestaby,2009,3
4133200_frestaby,2010,7
4133200_frestaby,2011,9
4133200_frestaby,2012,9
4133200_frestaby,2013,10
4133200_frestaby,2014,15
4133310_vastra_bollstanas,2000,-8
4133310_vastra_bollstanas,2001,-14
4133310_vastra_bollstanas,2002,-16
4133310_vastra_bollstanas,2003,-12
4133310_vastra_bollstanas,2004,1
4133310_vastra_bollstanas,2005,0
4133310_vastra_bollstanas,2006,-8
4133310_vastra_bollstanas,2007,1
4133310_vastra_bollstanas,2008,8
4133310_vastra_bollstanas,2009,11
4133310_vastra_bollstanas,2010,18
4133310_vastra_bollstanas,2011,16
4133310_vastra_bollstanas,2012,31
4133310_vastra_bollstanas,2013,27
4133310_vastra_bollstanas,2014,27
4133330_ostra_bollstanas,2000,16
4133330_ostra_bollstanas,2001,11
4133330_ostra_bollstanas,2002,20
4133330_ostra_bollstanas,2003,24
4133330_ostra_bollstanas,2004,29
4133330_ostra_bollstanas,2005,50
4133330_ostra_bollstanas,2006,53
4133330_ostra_bollstanas,2007,62
4133330_ostra_bollstanas,2008,63
4133330_ostra_bollstanas,2009,71
4133330_ostra_bollstanas,2010,89
4133330_ostra_bollstanas,2011,94
4133330_ostra_bollstanas,2012,107
4133330_ostra_bollstanas,2013,104
4133330_ostra_bollstanas,2014,118
4133350_sodra_bollstanas,2000,24
4133350_sodra_bollstanas,2001,36
4133350_sodra_bollstanas,2002,51
4133350_sodra_bollstanas,2003,52
4133350_sodra_bollstanas,2004,59
4133350_sodra_bollstanas,2005,54
4133350_sodra_bollstanas,2006,61
4133350_sodra_bollstanas,2007,75
4133350_sodra_bollstanas,2008,66
4133350_sodra_bollstanas,2009,60
4133350_sodra_bollstanas,2010,69
4133350_sodra_bollstanas,2011,69
4133350_sodra_bollstanas,2012,73
4133350_sodra_bollstanas,2013,76
4133350_sodra_bollstanas,2014,82
4133910_fresta_norra_glesbygd,2000,6
4133910_fresta_norra_glesbygd,2001,13
4133910_fresta_norra_glesbygd,2002,16
4133910_fresta_norra_glesbygd,2003,26
4133910_fresta_norra_glesbygd,2004,20
4133910_fresta_norra_glesbygd,2005,27
4133910_fresta_norra_glesbygd,2006,27
4133910_fresta_norra_glesbygd,2007,31
4133910_fresta_norra_glesbygd,2008,34
4133910_fresta_norra_glesbygd,2009,30
4133910_fresta_norra_glesbygd,2010,36
4133910_fresta_norra_glesbygd,2011,40
4133910_fresta_norra_glesbygd,2012,40
4133910_fresta_norra_glesbygd,2013,40
4133910_fresta_norra_glesbygd,2014,43
4133920_fresta_sodra_glesbygd,2000,0
4133920_fresta_sodra_glesbygd,2001,3
4133920_fresta_sodra_glesbygd,2002,0
4133920_fresta_sodra_glesbygd,2003,0
4133920_fresta_sodra_glesbygd,2004,6
4133920_fresta_sodra_glesbygd,2005,6
4133920_fresta_sodra_glesbygd,2006,3
4133920_fresta_sodra_glesbygd,2007,11
4133920_fresta_sodra_glesbygd,2008,8
4133920_fresta_sodra_glesbygd,2009,8
4133920_fresta_sodra_glesbygd,2010,7
4133920_fresta_sodra_glesbygd,2011,7
4133920_fresta_sodra_glesbygd,2012,10
4133920_fresta_sodra_glesbygd,2013,10
4133920_fresta_sodra_glesbygd,2014,10
4210110_centrala_vallentuna,2000,-7
4210110_centrala_vallentuna,2001,-8
4210110_centrala_vallentuna,2002,3
4210110_centrala_vallentuna,2003,17
4210110_centrala_vallentuna,2004,1
4210110_centrala_vallentuna,2005,-3
4210110_centrala_vallentuna,2006,1
4210110_centrala_vallentuna,2007,-13
4210110_centrala_vallentuna,2008,-16
4210110_centrala_vallentuna,2009,-37
4210110_centrala_vallentuna,2010,-41
4210110_centrala_vallentuna,2011,-36
4210110_centrala_vallentuna,2012,-43
4210110_centrala_vallentuna,2013,-30
4210110_centrala_vallentuna,2014,-29
4210210_norra_vallentuna_tatort,2000,-5
4210210_norra_vallentuna_tatort,2001,3
4210210_norra_vallentuna_tatort,2002,-11
4210210_norra_vallentuna_tatort,2003,-10
4210210_norra_vallentuna_tatort,2004,-7
4210210_norra_vallentuna_tatort,2005,4
4210210_norra_vallentuna_tatort,2006,-6
4210210_norra_vallentuna_tatort,2007,7
4210210_norra_vallentuna_tatort,2008,8
4210210_norra_vallentuna_tatort,2009,19
4210210_norra_vallentuna_tatort,2010,-5
4210210_norra_vallentuna_tatort,2011,-1
4210210_norra_vallentuna_tatort,2012,-9
4210210_norra_vallentuna_tatort,2013,-3
4210210_norra_vallentuna_tatort,2014,10
4210220_nv_a_vallentuna_tatort,2000,17
4210220_nv_a_vallentuna_tatort,2001,15
4210220_nv_a_vallentuna_tatort,2002,19
4210220_nv_a_vallentuna_tatort,2003,27
4210220_nv_a_vallentuna_tatort,2004,28
4210220_nv_a_vallentuna_tatort,2005,24
4210220_nv_a_vallentuna_tatort,2006,35
4210220_nv_a_vallentuna_tatort,2007,92
4210220_nv_a_vallentuna_tatort,2008,114
4210220_nv_a_vallentuna_tatort,2009,141
4210220_nv_a_vallentuna_tatort,2010,180
4210220_nv_a_vallentuna_tatort,2011,199
4210220_nv_a_vallentuna_tatort,2012,215
4210220_nv_a_vallentuna_tatort,2013,227
4210220_nv_a_vallentuna_tatort,2014,247
4210320_ostra_ormsta,2000,4
4210320_ostra_ormsta,2001,17
4210320_ostra_ormsta,2002,12
4210320_ostra_ormsta,2003,30
4210320_ostra_ormsta,2004,24
4210320_ostra_ormsta,2005,16
4210320_ostra_ormsta,2006,12
4210320_ostra_ormsta,2007,16
4210320_ostra_ormsta,2008,26
4210320_ostra_ormsta,2009,28
4210320_ostra_ormsta,2010,44
4210320_ostra_ormsta,2011,57
4210320_ostra_ormsta,2012,66
4210320_ostra_ormsta,2013,75
4210320_ostra_ormsta,2014,77
4210330_vastra_ormsta,2000,0
4210330_vastra_ormsta,2001,-7
4210330_vastra_ormsta,2002,-7
4210330_vastra_ormsta,2003,-12
4210330_vastra_ormsta,2004,-14
4210330_vastra_ormsta,2005,-10
4210330_vastra_ormsta,2006,-5
4210330_vastra_ormsta,2007,-5
4210330_vastra_ormsta,2008,5
4210330_vastra_ormsta,2009,6
4210330_vastra_ormsta,2010,16
4210330_vastra_ormsta,2011,17
4210330_vastra_ormsta,2012,15
4210330_vastra_ormsta,2013,28
4210330_vastra_ormsta,2014,31
4210340_aby_bostadsomrade,2000,0
4210340_aby_bostadsomrade,2001,3
4210340_aby_bostadsomrade,2002,7
4210340_aby_bostadsomrade,2003,4
4210340_aby_bostadsomrade,2004,5
4210340_aby_bostadsomrade,2005,1
4210340_aby_bostadsomrade,2006,-2
4210340_aby_bostadsomrade,2007,2
4210340_aby_bostadsomrade,2008,-3
4210340_aby_bostadsomrade,2009,-7
4210340_aby_bostadsomrade,2010,20
4210340_aby_bostadsomrade,2011,33
4210340_aby_bostadsomrade,2012,40
4210340_aby_bostadsomrade,2013,45
4210340_aby_bostadsomrade,2014,41
4210410_vastra_ballsta,2000,48
4210410_vastra_ballsta,2001,60
4210410_vastra_ballsta,2002,87
4210410_vastra_ballsta,2003,106
4210410_vastra_ballsta,2004,101
4210410_vastra_ballsta,2005,129
4210410_vastra_ballsta,2006,144
4210410_vastra_ballsta,2007,139
4210410_vastra_ballsta,2008,131
4210410_vastra_ballsta,2009,148
4210410_vastra_ballsta,2010,187
4210410_vastra_ballsta,2011,245
4210410_vastra_ballsta,2012,276
4210410_vastra_ballsta,2013,300
4210410_vastra_ballsta,2014,327
4210420_kragstalund,2000,0
4210420_kragstalund,2001,-6
4210420_kragstalund,2002,-6
4210420_kragstalund,2003,17
4210420_kragstalund,2004,65
4210420_kragstalund,2005,103
4210420_kragstalund,2006,134
4210420_kragstalund,2007,164
4210420_kragstalund,2008,156
4210420_kragstalund,2009,156
4210420_kragstalund,2010,159
4210420_kragstalund,2011,162
4210420_kragstalund,2012,177
4210420_kragstalund,2013,166
4210420_kragstalund,2014,155
4210430_ballstaberg,2000,16
4210430_ballstaberg,2001,29
4210430_ballstaberg,2002,54
4210430_ballstaberg,2003,66
4210430_ballstaberg,2004,113
4210430_ballstaberg,2005,137
4210430_ballstaberg,2006,160
4210430_ballstaberg,2007,177
4210430_ballstaberg,2008,219
4210430_ballstaberg,2009,255
4210430_ballstaberg,2010,260
4210430_ballstaberg,2011,287
4210430_ballstaberg,2012,293
4210430_ballstaberg,2013,289
4210430_ballstaberg,2014,297
4210440_karlberg_rickeby_okvista,2000,1
4210440_karlberg_rickeby_okvista,2001,0
4210440_karlberg_rickeby_okvista,2002,-2
4210440_karlberg_rickeby_okvista,2003,-8
4210440_karlberg_rickeby_okvista,2004,-7
4210440_karlberg_rickeby_okvista,2005,-10
4210440_karlberg_rickeby_okvista,2006,-3
4210440_karlberg_rickeby_okvista,2007,6
4210440_karlberg_rickeby_okvista,2008,21
4210440_karlberg_rickeby_okvista,2009,26
4210440_karlberg_rickeby_okvista,2010,31
4210440_karlberg_rickeby_okvista,2011,41
4210440_karlberg_rickeby_okvista,2012,49
4210440_karlberg_rickeby_okvista,2013,60
4210440_karlberg_rickeby_okvista,2014,67
4210510_vallentuna_glesbygd_v,2000,6
4210510_vallentuna_glesbygd_v,2001,4
4210510_vallentuna_glesbygd_v,2002,8
4210510_vallentuna_glesbygd_v,2003,11
4210510_vallentuna_glesbygd_v,2004,14
4210510_vallentuna_glesbygd_v,2005,14
4210510_vallentuna_glesbygd_v,2006,11
4210510_vallentuna_glesbygd_v,2007,11
4210510_vallentuna_glesbygd_v,2008,15
4210510_vallentuna_glesbygd_v,2009,32
4210510_vallentuna_glesbygd_v,2010,29
4210510_vallentuna_glesbygd_v,2011,33
4210510_vallentuna_glesbygd_v,2012,39
4210510_vallentuna_glesbygd_v,2013,32
4210510_vallentuna_glesbygd_v,2014,27
4210530_vallentuna_glesbygd_no,2000,3
4210530_vallentuna_glesbygd_no,2001,3
4210530_vallentuna_glesbygd_no,2002,-3
4210530_vallentuna_glesbygd_no,2003,-3
4210530_vallentuna_glesbygd_no,2004,-6
4210530_vallentuna_glesbygd_no,2005,-3
4210530_vallentuna_glesbygd_no,2006,-3
4210530_vallentuna_glesbygd_no,2007,6
4210530_vallentuna_glesbygd_no,2008,5
4210530_vallentuna_glesbygd_no,2009,12
4210530_vallentuna_glesbygd_no,2010,17
4210530_vallentuna_glesbygd_no,2011,24
4210530_vallentuna_glesbygd_no,2012,32
4210530_vallentuna_glesbygd_no,2013,44
4210530_vallentuna_glesbygd_no,2014,45
4210540_ostra_vallentuna_tatort_vallentuna_glesbygd_so,2000,3
4210540_ostra_vallentuna_tatort_vallentuna_glesbygd_so,2001,3
4210540_ostra_vallentuna_tatort_vallentuna_glesbygd_so,2002,3
4210540_ostra_vallentuna_tatort_vallentuna_glesbygd_so,2003,9
4210540_ostra_vallentuna_tatort_vallentuna_glesbygd_so,2004,9
4210540_ostra_vallentuna_tatort_vallentuna_glesbygd_so,2005,9
4210540_ostra_vallentuna_tatort_vallentuna_glesbygd_so,2006,6
4210540_ostra_vallentuna_tatort_vallentuna_glesbygd_so,2007,3
4210540_ostra_vallentuna_tatort_vallentuna_glesbygd_so,2008,0
4210540_ostra_vallentuna_tatort_vallentuna_glesbygd_so,2009,6
4210540_ostra_vallentuna_tatort_vallentuna_glesbygd_so,2010,7
4210540_ostra_vallentuna_tatort_vallentuna_glesbygd_so,2011,7
4210540_ostra_vallentuna_tatort_vallentuna_glesbygd_so,2012,22
4210540_ostra_vallentuna_tatort_vallentuna_glesbygd_so,2013,36
4210540_ostra_vallentuna_tatort_vallentuna_glesbygd_so,2014,43
4220000_markims_forsamling,2000,0
4220000_markims_forsamling,2001,0
4220000_markims_forsamling,2002,-3
4220000_markims_forsamling,2003,-6
4220000_markims_forsamling,2004,-2
4220000_markims_forsamling,2005,1
4220000_markims_forsamling,2006,4
4220000_markims_forsamling,2007,8
4220000_markims_forsamling,2008,12
4220000_markims_forsamling,2009,9
4220000_markims_forsamling,2010,9
4220000_markims_forsamling,2011,12
4220000_markims_forsamling,2012,9
4220000_markims_forsamling,2013,9
4220000_markims_forsamling,2014,9
4230100_lindholmen,2000,1
4230100_lindholmen,2001,3
4230100_lindholmen,2002,1
4230100_lindholmen,2003,11
4230100_lindholmen,2004,12
4230100_lindholmen,2005,17
4230100_lindholmen,2006,14
4230100_lindholmen,2007,14
4230100_lindholmen,2008,14
4230100_lindholmen,2009,15
4230100_lindholmen,2010,20
4230100_lindholmen,2011,21
4230100_lindholmen,2012,18
4230100_lindholmen,2013,18
4230100_lindholmen,2014,21
4230500_sodra_lindholmen_orkesta_glesbygd,2000,3
4230500_sodra_lindholmen_orkesta_glesbygd,2001,-3
4230500_sodra_lindholmen_orkesta_glesbygd,2002,0
4230500_sodra_lindholmen_orkesta_glesbygd,2003,-3
4230500_sodra_lindholmen_orkesta_glesbygd,2004,-3
4230500_sodra_lindholmen_orkesta_glesbygd,2005,-3
4230500_sodra_lindholmen_orkesta_glesbygd,2006,-3
4230500_sodra_lindholmen_orkesta_glesbygd,2007,0
4230500_sodra_lindholmen_orkesta_glesbygd,2008,3
4230500_sodra_lindholmen_orkesta_glesbygd,2009,7
4230500_sodra_lindholmen_orkesta_glesbygd,2010,7
4230500_sodra_lindholmen_orkesta_glesbygd,2011,4
4230500_sodra_lindholmen_orkesta_glesbygd,2012,7
4230500_sodra_lindholmen_orkesta_glesbygd,2013,7
4230500_sodra_lindholmen_orkesta_glesbygd,2014,7
4240000_frosunda_forsamling,2000,0
4240000_frosunda_forsamling,2001,0
4240000_frosunda_forsamling,2002,2
4240000_frosunda_forsamling,2003,4
4240000_frosunda_forsamling,2004,5
4240000_frosunda_forsamling,2005,8
4240000_frosunda_forsamling,2006,8
4240000_frosunda_forsamling,2007,8
4240000_frosunda_forsamling,2008,5
4240000_frosunda_forsamling,2009,10
4240000_frosunda_forsamling,2010,12
4240000_frosunda_forsamling,2011,15
4240000_frosunda_forsamling,2012,15
4240000_frosunda_forsamling,2013,17
4240000_frosunda_forsamling,2014,19
4250100_karsta,2000,3
4250100_karsta,2001,3
4250100_karsta,2002,3
4250100_karsta,2003,-3
4250100_karsta,2004,-2
4250100_karsta,2005,-2
4250100_karsta,2006,1
4250100_karsta,2007,-6
4250100_karsta,2008,0
4250100_karsta,2009,6
4250100_karsta,2010,10
4250100_karsta,2011,13
4250100_karsta,2012,13
4250100_karsta,2013,13
4250100_karsta,2014,13
4250200_ekskogen,2000,3
4250200_ekskogen,2001,3
4250200_ekskogen,2002,3
4250200_ekskogen,2003,0
4250200_ekskogen,2004,-3
4250200_ekskogen,2005,-3
4250200_ekskogen,2006,0
4250200_ekskogen,2007,0
4250200_ekskogen,2008,0
4250200_ekskogen,2009,0
4250200_ekskogen,2010,3
4250200_ekskogen,2011,5
4250200_ekskogen,2012,5
4250200_ekskogen,2013,2
4250200_ekskogen,2014,2
4250500_karsta_glesbygd,2000,-3
4250500_karsta_glesbygd,2001,0
4250500_karsta_glesbygd,2002,0
4250500_karsta_glesbygd,2003,-3
4250500_karsta_glesbygd,2004,-3
4250500_karsta_glesbygd,2005,3
4250500_karsta_glesbygd,2006,2
4250500_karsta_glesbygd,2007,8
4250500_karsta_glesbygd,2008,6
4250500_karsta_glesbygd,2009,3
4250500_karsta_glesbygd,2010,10
4250500_karsta_glesbygd,2011,16
4250500_karsta_glesbygd,2012,18
4250500_karsta_glesbygd,2013,18
4250500_karsta_glesbygd,2014,23
4260500_vada_glesbygd,2000,3
4260500_vada_glesbygd,2001,3
4260500_vada_glesbygd,2002,3
4260500_vada_glesbygd,2003,3
4260500_vada_glesbygd,2004,6
4260500_vada_glesbygd,2005,9
4260500_vada_glesbygd,2006,12
4260500_vada_glesbygd,2007,6
4260500_vada_glesbygd,2008,9
4260500_vada_glesbygd,2009,12
4260500_vada_glesbygd,2010,11
4260500_vada_glesbygd,2011,11
4260500_vada_glesbygd,2012,14
4260500_vada_glesbygd,2013,11
4260500_vada_glesbygd,2014,17
4270100_karby,2000,-5
4270100_karby,2001,2
4270100_karby,2002,-1
4270100_karby,2003,2
4270100_karby,2004,5
4270100_karby,2005,5
4270100_karby,2006,8
4270100_karby,2007,19
4270100_karby,2008,16
4270100_karby,2009,19
4270100_karby,2010,20
4270100_karby,2011,19
4270100_karby,2012,18
4270100_karby,2013,14
4270100_karby,2014,19
4270200_brottby,2000,0
4270200_brottby,2001,3
4270200_brottby,2002,6
4270200_brottby,2003,6
4270200_brottby,2004,12
4270200_brottby,2005,15
4270200_brottby,2006,21
4270200_brottby,2007,21
4270200_brottby,2008,21
4270200_brottby,2009,24
4270200_brottby,2010,23
4270200_brottby,2011,23
4270200_brottby,2012,23
4270200_brottby,2013,26
4270200_brottby,2014,32
4270501_ovr_osseby_garns_glesbygd,2000,5
4270501_ovr_osseby_garns_glesbygd,2001,2
4270501_ovr_osseby_garns_glesbygd,2002,6
4270501_ovr_osseby_garns_glesbygd,2003,5
4270501_ovr_osseby_garns_glesbygd,2004,18
4270501_ovr_osseby_garns_glesbygd,2005,20
4270501_ovr_osseby_garns_glesbygd,2006,26
4270501_ovr_osseby_garns_glesbygd,2007,29
4270501_ovr_osseby_garns_glesbygd,2008,32
4270501_ovr_osseby_garns_glesbygd,2009,37
4270501_ovr_osseby_garns_glesbygd,2010,39
4270501_ovr_osseby_garns_glesbygd,2011,40
4270501_ovr_osseby_garns_glesbygd,2012,45
4270501_ovr_osseby_garns_glesbygd,2013,45
4270501_ovr_osseby_garns_glesbygd,2014,43
4270502_algeby_garns_ekskogen,2000,0
4270502_algeby_garns_ekskogen,2001,3
4270502_algeby_garns_ekskogen,2002,3
4270502_algeby_garns_ekskogen,2003,6
4270502_algeby_garns_ekskogen,2004,6
4270502_algeby_garns_ekskogen,2005,3
4270502_algeby_garns_ekskogen,2006,3
4270502_algeby_garns_ekskogen,2007,3
4270502_algeby_garns_ekskogen,2008,0
4270502_algeby_garns_ekskogen,2009,-3
4270502_algeby_garns_ekskogen,2010,-1
4270502_algeby_garns_ekskogen,2011,-1
4270502_algeby_garns_ekskogen,2012,-1
4270502_algeby_garns_ekskogen,2013,-1
4270502_algeby_garns_ekskogen,2014,2
4280000_angarns_forsamling,2000,-6
4280000_angarns_forsamling,2001,0
4280000_angarns_forsamling,2002,7
4280000_angarns_forsamling,2003,4
4280000_angarns_forsamling,2004,7
4280000_angarns_forsamling,2005,7
4280000_angarns_forsamling,2006,1
4280000_angarns_forsamling,2007,5
4280000_angarns_forsamling,2008,11
4280000_angarns_forsamling,2009,11
4280000_angarns_forsamling,2010,12
4280000_angarns_forsamling,2011,15
4280000_angarns_forsamling,2012,14
4280000_angarns_forsamling,2013,14
4280000_angarns_forsamling,2014,15
4440110_ljustero,2000,12
4440110_ljustero,2001,24
4440110_ljustero,2002,27
4440110_ljustero,2003,40
4440110_ljustero,2004,39
4440110_ljustero,2005,51
4440110_ljustero,2006,54
4440110_ljustero,2007,51
4440110_ljustero,2008,49
4440110_ljustero,2009,48
4440110_ljustero,2010,45
4440110_ljustero,2011,46
4440110_ljustero,2012,48
4440110_ljustero,2013,54
4440110_ljustero,2014,60
4440120_ingmarso_mfl_oar,2000,6
4440120_ingmarso_mfl_oar,2001,3
4440120_ingmarso_mfl_oar,2002,3
4440120_ingmarso_mfl_oar,2003,3
4440120_ingmarso_mfl_oar,2004,3
4440120_ingmarso_mfl_oar,2005,6
4440120_ingmarso_mfl_oar,2006,9
4440120_ingmarso_mfl_oar,2007,12
4440120_ingmarso_mfl_oar,2008,12
4440120_ingmarso_mfl_oar,2009,12
4440120_ingmarso_mfl_oar,2010,11
4440120_ingmarso_mfl_oar,2011,17
4440120_ingmarso_mfl_oar,2012,20
4440120_ingmarso_mfl_oar,2013,20
4440120_ingmarso_mfl_oar,2014,20
4440200_roslags_kulla_fd_forsaml,2000,3
4440200_roslags_kulla_fd_forsaml,2001,3
4440200_roslags_kulla_fd_forsaml,2002,3
4440200_roslags_kulla_fd_forsaml,2003,7
4440200_roslags_kulla_fd_forsaml,2004,10
4440200_roslags_kulla_fd_forsaml,2005,10
4440200_roslags_kulla_fd_forsaml,2006,13
4440200_roslags_kulla_fd_forsaml,2007,19
4440200_roslags_kulla_fd_forsaml,2008,23
4440200_roslags_kulla_fd_forsaml,2009,20
4440200_roslags_kulla_fd_forsaml,2010,23
4440200_roslags_kulla_fd_forsaml,2011,27
4440200_roslags_kulla_fd_forsaml,2012,27
4440200_roslags_kulla_fd_forsaml,2013,31
4440200_roslags_kulla_fd_forsaml,2014,34
4450110_ekbacken,2000,6
4450110_ekbacken,2001,6
4450110_ekbacken,2002,14
4450110_ekbacken,2003,10
4450110_ekbacken,2004,10
4450110_ekbacken,2005,11
4450110_ekbacken,2006,20
4450110_ekbacken,2007,16
4450110_ekbacken,2008,13
4450110_ekbacken,2009,17
4450110_ekbacken,2010,19
4450110_ekbacken,2011,21
4450110_ekbacken,2012,22
4450110_ekbacken,2013,27
4450110_ekbacken,2014,24
4450120_runo_gard,2000,5
4450120_runo_gard,2001,6
4450120_runo_gard,2002,-3
4450120_runo_gard,2003,-14
4450120_runo_gard,2004,-27
4450120_runo_gard,2005,-21
4450120_runo_gard,2006,-19
4450120_runo_gard,2007,-24
4450120_runo_gard,2008,-40
4450120_runo_gard,2009,-34
4450120_runo_gard,2010,-33
4450120_runo_gard,2011,-34
4450120_runo_gard,2012,-38
4450120_runo_gard,2013,-29
4450120_runo_gard,2014,-26
4450130_akersberga,2000,-1
4450130_akersberga,2001,36
4450130_akersberga,2002,23
4450130_akersberga,2003,22
4450130_akersberga,2004,35
4450130_akersberga,2005,17
4450130_akersberga,2006,8
4450130_akersberga,2007,-27
4450130_akersberga,2008,-26
4450130_akersberga,2009,-48
4450130_akersberga,2010,-48
4450130_akersberga,2011,-63
4450130_akersberga,2012,-49
4450130_akersberga,2013,-64
4450130_akersberga,2014,-55
4450140_kullen,2000,-4
4450140_kullen,2001,-4
4450140_kullen,2002,-8
4450140_kullen,2003,-4
4450140_kullen,2004,0
4450140_kullen,2005,7
4450140_kullen,2006,10
4450140_kullen,2007,3
4450140_kullen,2008,-3
4450140_kullen,2009,-5
4450140_kullen,2010,-3
4450140_kullen,2011,-9
4450140_kullen,2012,-7
4450140_kullen,2013,-10
4450140_kullen,2014,-7
4450150_ostra_sora,2000,-2
4450150_ostra_sora,2001,-10
4450150_ostra_sora,2002,-2
4450150_ostra_sora,2003,5
4450150_ostra_sora,2004,20
4450150_ostra_sora,2005,23
4450150_ostra_sora,2006,16
4450150_ostra_sora,2007,16
4450150_ostra_sora,2008,16
4450150_ostra_sora,2009,30
4450150_ostra_sora,2010,37
4450150_ostra_sora,2011,44
4450150_ostra_sora,2012,54
4450150_ostra_sora,2013,66
4450150_ostra_sora,2014,88
4450160_vastra_sora,2000,-6
4450160_vastra_sora,2001,-11
4450160_vastra_sora,2002,-12
4450160_vastra_sora,2003,-9
4450160_vastra_sora,2004,-5
4450160_vastra_sora,2005,-10
4450160_vastra_sora,2006,-5
4450160_vastra_sora,2007,-5
4450160_vastra_sora,2008,7
4450160_vastra_sora,2009,6
4450160_vastra_sora,2010,4
4450160_vastra_sora,2011,-3
4450160_vastra_sora,2012,-1
4450160_vastra_sora,2013,5
4450160_vastra_sora,2014,3
4450170_neptunus,2000,3
4450170_neptunus,2001,6
4450170_neptunus,2002,1
4450170_neptunus,2003,1
4450170_neptunus,2004,4
4450170_neptunus,2005,4
4450170_neptunus,2006,13
4450170_neptunus,2007,12
4450170_neptunus,2008,11
4450170_neptunus,2009,12
4450170_neptunus,2010,3
4450170_neptunus,2011,-1
4450170_neptunus,2012,0
4450170_neptunus,2013,3
4450170_neptunus,2014,6
4450180_kungsangen,2000,16
4450180_kungsangen,2001,35
4450180_kungsangen,2002,46
4450180_kungsangen,2003,58
4450180_kungsangen,2004,63
4450180_kungsangen,2005,69
4450180_kungsangen,2006,87
4450180_kungsangen,2007,89
4450180_kungsangen,2008,79
4450180_kungsangen,2009,78
4450180_kungsangen,2010,75
4450180_kungsangen,2011,81
4450180_kungsangen,2012,92
4450180_kungsangen,2013,108
4450180_kungsangen,2014,105
4450190_tunagard_osterskar,2000,-2
4450190_tunagard_osterskar,2001,15
4450190_tunagard_osterskar,2002,15
4450190_tunagard_osterskar,2003,21
4450190_tunagard_osterskar,2004,34
4450190_tunagard_osterskar,2005,65
4450190_tunagard_osterskar,2006,70
4450190_tunagard_osterskar,2007,80
4450190_tunagard_osterskar,2008,83
4450190_tunagard_osterskar,2009,105
4450190_tunagard_osterskar,2010,116
4450190_tunagard_osterskar,2011,118
4450190_tunagard_osterskar,2012,134
4450190_tunagard_osterskar,2013,144
4450190_tunagard_osterskar,2014,154
4450210_akerstorp,2000,0
4450210_akerstorp,2001,17
4450210_akerstorp,2002,21
4450210_akerstorp,2003,15
4450210_akerstorp,2004,16
4450210_akerstorp,2005,23
4450210_akerstorp,2006,35
4450210_akerstorp,2007,41
4450210_akerstorp,2008,42
4450210_akerstorp,2009,54
4450210_akerstorp,2010,53
4450210_akerstorp,2011,55
4450210_akerstorp,2012,55
4450210_akerstorp,2013,57
4450210_akerstorp,2014,68
4450220_smedby,2000,1
4450220_smedby,2001,1
4450220_smedby,2002,-1
4450220_smedby,2003,3
4450220_smedby,2004,3
4450220_smedby,2005,10
4450220_smedby,2006,10
4450220_smedby,2007,10
4450220_smedby,2008,27
4450220_smedby,2009,39
4450220_smedby,2010,44
4450220_smedby,2011,44
4450220_smedby,2012,46
4450220_smedby,2013,49
4450220_smedby,2014,67
4450230_hacksta,2000,-7
4450230_hacksta,2001,-44
4450230_hacksta,2002,-41
4450230_hacksta,2003,-43
4450230_hacksta,2004,-48
4450230_hacksta,2005,-45
4450230_hacksta,2006,-40
4450230_hacksta,2007,-38
4450230_hacksta,2008,-38
4450230_hacksta,2009,-39
4450230_hacksta,2010,-24
4450230_hacksta,2011,-21
4450230_hacksta,2012,-18
4450230_hacksta,2013,-20
4450230_hacksta,2014,-30
4450240_skansta,2000,-1
4450240_skansta,2001,-9
4450240_skansta,2002,-12
4450240_skansta,2003,-18
4450240_skansta,2004,-15
4450240_skansta,2005,-14
4450240_skansta,2006,-20
4450240_skansta,2007,-23
4450240_skansta,2008,-11
4450240_skansta,2009,-4
4450240_skansta,2010,0
4450240_skansta,2011,1
4450240_skansta,2012,0
4450240_skansta,2013,6
4450240_skansta,2014,3
4450250_singo,2000,-3
4450250_singo,2001,0
4450250_singo,2002,-3
4450250_singo,2003,1
4450250_singo,2004,4
4450250_singo,2005,10
4450250_singo,2006,10
4450250_singo,2007,13
4450250_singo,2008,14
4450250_singo,2009,18
4450250_singo,2010,26
4450250_singo,2011,26
4450250_singo,2012,29
4450250_singo,2013,32
4450250_singo,2014,27
4450260_asatra,2000,6
4450260_asatra,2001,14
4450260_asatra,2002,16
4450260_asatra,2003,15
4450260_asatra,2004,22
4450260_asatra,2005,35
4450260_asatra,2006,34
4450260_asatra,2007,36
4450260_asatra,2008,37
4450260_asatra,2009,47
4450260_asatra,2010,45
4450260_asatra,2011,44
4450260_asatra,2012,40
4450260_asatra,2013,45
4450260_asatra,2014,47
4450310_margretelund,2000,24
4450310_margretelund,2001,54
4450310_margretelund,2002,77
4450310_margretelund,2003,94
4450310_margretelund,2004,114
4450310_margretelund,2005,128
4450310_margretelund,2006,141
4450310_margretelund,2007,150
4450310_margretelund,2008,163
4450310_margretelund,2009,154
4450310_margretelund,2010,158
4450310_margretelund,2011,187
4450310_margretelund,2012,194
4450310_margretelund,2013,188
4450310_margretelund,2014,197
4450320_trasatra,2000,7
4450320_trasatra,2001,15
4450320_trasatra,2002,-3
4450320_trasatra,2003,-20
4450320_trasatra,2004,-16
4450320_trasatra,2005,-32
4450320_trasatra,2006,-43
4450320_trasatra,2007,-34
4450320_trasatra,2008,-36
4450320_trasatra,2009,-31
4450320_trasatra,2010,-44
4450320_trasatra,2011,-40
4450320_trasatra,2012,-36
4450320_trasatra,2013,-36
4450320_trasatra,2014,-38
4450330_flaxenvik,2000,3
4450330_flaxenvik,2001,5
4450330_flaxenvik,2002,14
4450330_flaxenvik,2003,19
4450330_flaxenvik,2004,20
4450330_flaxenvik,2005,26
4450330_flaxenvik,2006,26
4450330_flaxenvik,2007,33
4450330_flaxenvik,2008,43
4450330_flaxenvik,2009,49
4450330_flaxenvik,2010,58
4450330_flaxenvik,2011,63
4450330_flaxenvik,2012,71
4450330_flaxenvik,2013,75
4450330_flaxenvik,2014,88
4450340_skargardsstad,2000,20
4450340_skargardsstad,2001,36
4450340_skargardsstad,2002,48
4450340_skargardsstad,2003,48
4450340_skargardsstad,2004,63
4450340_skargardsstad,2005,64
4450340_skargardsstad,2006,75
4450340_skargardsstad,2007,75
4450340_skargardsstad,2008,74
4450340_skargardsstad,2009,73
4450340_skargardsstad,2010,71
4450340_skargardsstad,2011,78
4450340_skargardsstad,2012,84
4450340_skargardsstad,2013,91
4450340_skargardsstad,2014,104
4451231_sodra_runo_sodra_runotaljo_sodra_runo_nas,2000,12
4451231_sodra_runo_sodra_runotaljo_sodra_runo_nas,2001,17
4451231_sodra_runo_sodra_runotaljo_sodra_runo_nas,2002,30
4451231_sodra_runo_sodra_runotaljo_sodra_runo_nas,2003,54
4451231_sodra_runo_sodra_runotaljo_sodra_runo_nas,2004,78
4451231_sodra_runo_sodra_runotaljo_sodra_runo_nas,2005,111
4451231_sodra_runo_sodra_runotaljo_sodra_runo_nas,2006,137
4451231_sodra_runo_sodra_runotaljo_sodra_runo_nas,2007,148
4451231_sodra_runo_sodra_runotaljo_sodra_runo_nas,2008,163
4451231_sodra_runo_sodra_runotaljo_sodra_runo_nas,2009,163
4451231_sodra_runo_sodra_runotaljo_sodra_runo_nas,2010,176
4451231_sodra_runo_sodra_runotaljo_sodra_runo_nas,2011,175
4451231_sodra_runo_sodra_runotaljo_sodra_runo_nas,2012,174
4451231_sodra_runo_sodra_runotaljo_sodra_runo_nas,2013,174
4451231_sodra_runo_sodra_runotaljo_sodra_runo_nas,2014,175
4451240_norra_runo,2000,11
4451240_norra_runo,2001,37
4451240_norra_runo,2002,51
4451240_norra_runo,2003,60
4451240_norra_runo,2004,63
4451240_norra_runo,2005,71
4451240_norra_runo,2006,74
4451240_norra_runo,2007,74
4451240_norra_runo,2008,88
4451240_norra_runo,2009,102
4451240_norra_runo,2010,106
4451240_norra_runo,2011,117
4451240_norra_runo,2012,113
4451240_norra_runo,2013,118
4451240_norra_runo,2014,124
4451250_svinninge,2000,-2
4451250_svinninge,2001,-2
4451250_svinninge,2002,6
4451250_svinninge,2003,19
4451250_svinninge,2004,22
4451250_svinninge,2005,26
4451250_svinninge,2006,33
4451250_svinninge,2007,38
4451250_svinninge,2008,44
4451250_svinninge,2009,47
4451250_svinninge,2010,60
4451250_svinninge,2011,54
4451250_svinninge,2012,58
4451250_svinninge,2013,60
4451250_svinninge,2014,60
4451410_rydbo,2000,7
4451410_rydbo,2001,7
4451410_rydbo,2002,15
4451410_rydbo,2003,26
4451410_rydbo,2004,26
4451410_rydbo,2005,39
4451410_rydbo,2006,50
4451410_rydbo,2007,50
4451410_rydbo,2008,48
4451410_rydbo,2009,44
4451410_rydbo,2010,48
4451410_rydbo,2011,46
4451410_rydbo,2012,48
4451410_rydbo,2013,45
4451410_rydbo,2014,35
4451420_svartgarn,2000,0
4451420_svartgarn,2001,5
4451420_svartgarn,2002,12
4451420_svartgarn,2003,17
4451420_svartgarn,2004,21
4451420_svartgarn,2005,41
4451420_svartgarn,2006,50
4451420_svartgarn,2007,49
4451420_svartgarn,2008,54
4451420_svartgarn,2009,59
4451420_svartgarn,2010,59
4451420_svartgarn,2011,66
4451420_svartgarn,2012,70
4451420_svartgarn,2013,77
4451420_svartgarn,2014,86
4451430_ostra_ryds_glesbygd,2000,6
4451430_ostra_ryds_glesbygd,2001,6
4451430_ostra_ryds_glesbygd,2002,6
4451430_ostra_ryds_glesbygd,2003,6
4451430_ostra_ryds_glesbygd,2004,9
4451430_ostra_ryds_glesbygd,2005,12
4451430_ostra_ryds_glesbygd,2006,9
4451430_ostra_ryds_glesbygd,2007,9
4451430_ostra_ryds_glesbygd,2008,9
4451430_ostra_ryds_glesbygd,2009,9
4451430_ostra_ryds_glesbygd,2010,10
4451430_ostra_ryds_glesbygd,2011,13
4451430_ostra_ryds_glesbygd,2012,19
4451430_ostra_ryds_glesbygd,2013,25
4451430_ostra_ryds_glesbygd,2014,31
5610200_mortnas,2000,11
5610200_mortnas,2001,35
5610200_mortnas,2002,46
5610200_mortnas,2003,59
5610200_mortnas,2004,73
5610200_mortnas,2005,98
5610200_mortnas,2006,101
5610200_mortnas,2007,112
5610200_mortnas,2008,135
5610200_mortnas,2009,153
5610200_mortnas,2010,165
5610200_mortnas,2011,202
5610200_mortnas,2012,211
5610200_mortnas,2013,241
5610200_mortnas,2014,272
5610500_gustavsbergs_glesbygd_gustavsbergs_glesbygd_v,2000,3
5610500_gustavsbergs_glesbygd_gustavsbergs_glesbygd_v,2001,4
5610500_gustavsbergs_glesbygd_gustavsbergs_glesbygd_v,2002,10
5610500_gustavsbergs_glesbygd_gustavsbergs_glesbygd_v,2003,17
5610500_gustavsbergs_glesbygd_gustavsbergs_glesbygd_v,2004,15
5610500_gustavsbergs_glesbygd_gustavsbergs_glesbygd_v,2005,22
5610500_gustavsbergs_glesbygd_gustavsbergs_glesbygd_v,2006,15
5610500_gustavsbergs_glesbygd_gustavsbergs_glesbygd_v,2007,23
5610500_gustavsbergs_glesbygd_gustavsbergs_glesbygd_v,2008,27
5610500_gustavsbergs_glesbygd_gustavsbergs_glesbygd_v,2009,13
5610500_gustavsbergs_glesbygd_gustavsbergs_glesbygd_v,2010,30
5610500_gustavsbergs_glesbygd_gustavsbergs_glesbygd_v,2011,70
5610500_gustavsbergs_glesbygd_gustavsbergs_glesbygd_v,2012,79
5610500_gustavsbergs_glesbygd_gustavsbergs_glesbygd_v,2013,92
5610500_gustavsbergs_glesbygd_gustavsbergs_glesbygd_v,2014,95
5611110_munkmora,2000,-1
5611110_munkmora,2001,-6
5611110_munkmora,2002,-9
5611110_munkmora,2003,-22
5611110_munkmora,2004,-27
5611110_munkmora,2005,-36
5611110_munkmora,2006,-39
5611110_munkmora,2007,-44
5611110_munkmora,2008,-39
5611110_munkmora,2009,-39
5611110_munkmora,2010,-38
5611110_munkmora,2011,-37
5611110_munkmora,2012,-41
5611110_munkmora,2013,-40
5611110_munkmora,2014,-35
5611120_lugnet_flerbostadshus,2000,0
5611120_lugnet_flerbostadshus,2001,5
5611120_lugnet_flerbostadshus,2002,5
5611120_lugnet_flerbostadshus,2003,-9
5611120_lugnet_flerbostadshus,2004,-6
5611120_lugnet_flerbostadshus,2005,-8
5611120_lugnet_flerbostadshus,2006,-10
5611120_lugnet_flerbostadshus,2007,-17
5611120_lugnet_flerbostadshus,2008,-26
5611120_lugnet_flerbostadshus,2009,-33
5611120_lugnet_flerbostadshus,2010,-29
5611120_lugnet_flerbostadshus,2011,-29
5611120_lugnet_flerbostadshus,2012,-23
5611120_lugnet_flerbostadshus,2013,-19
5611120_lugnet_flerbostadshus,2014,-19
5611130_lugnet_smahus,2000,11
5611130_lugnet_smahus,2001,6
5611130_lugnet_smahus,2002,8
5611130_lugnet_smahus,2003,9
5611130_lugnet_smahus,2004,10
5611130_lugnet_smahus,2005,15
5611130_lugnet_smahus,2006,20
5611130_lugnet_smahus,2007,19
5611130_lugnet_smahus,2008,19
5611130_lugnet_smahus,2009,23
5611130_lugnet_smahus,2010,22
5611130_lugnet_smahus,2011,24
5611130_lugnet_smahus,2012,24
5611130_lugnet_smahus,2013,30
5611130_lugnet_smahus,2014,41
5611140_hojdhagen,2000,-9
5611140_hojdhagen,2001,-10
5611140_hojdhagen,2002,-6
5611140_hojdhagen,2003,-4
5611140_hojdhagen,2004,-7
5611140_hojdhagen,2005,1
5611140_hojdhagen,2006,8
5611140_hojdhagen,2007,18
5611140_hojdhagen,2008,29
5611140_hojdhagen,2009,34
5611140_hojdhagen,2010,45
5611140_hojdhagen,2011,80
5611140_hojdhagen,2012,107
5611140_hojdhagen,2013,118
5611140_hojdhagen,2014,148
5611150_sodra_gustavsberg_hasthagen,2000,35
5611150_sodra_gustavsberg_hasthagen,2001,42
5611150_sodra_gustavsberg_hasthagen,2002,50
5611150_sodra_gustavsberg_hasthagen,2003,45
5611150_sodra_gustavsberg_hasthagen,2004,105
5611150_sodra_gustavsberg_hasthagen,2005,169
5611150_sodra_gustavsberg_hasthagen,2006,205
5611150_sodra_gustavsberg_hasthagen,2007,270
5611150_sodra_gustavsberg_hasthagen,2008,296
5611150_sodra_gustavsberg_hasthagen,2009,310
5611150_sodra_gustavsberg_hasthagen,2010,326
5611150_sodra_gustavsberg_hasthagen,2011,356
5611150_sodra_gustavsberg_hasthagen,2012,366
5611150_sodra_gustavsberg_hasthagen,2013,369
5611150_sodra_gustavsberg_hasthagen,2014,367
5611160_osby_grind,2000,-1
5611160_osby_grind,2001,2
5611160_osby_grind,2002,2
5611160_osby_grind,2003,2
5611160_osby_grind,2004,-1
5611160_osby_grind,2005,2
5611160_osby_grind,2006,1
5611160_osby_grind,2007,5
5611160_osby_grind,2008,6
5611160_osby_grind,2009,3
5611160_osby_grind,2010,3
5611160_osby_grind,2011,0
5611160_osby_grind,2012,0
5611160_osby_grind,2013,-5
5611160_osby_grind,2014,3
5611170_osbydalen,2000,0
5611170_osbydalen,2001,9
5611170_osbydalen,2002,1
5611170_osbydalen,2003,8
5611170_osbydalen,2004,11
5611170_osbydalen,2005,15
5611170_osbydalen,2006,9
5611170_osbydalen,2007,18
5611170_osbydalen,2008,19
5611170_osbydalen,2009,20
5611170_osbydalen,2010,24
5611170_osbydalen,2011,23
5611170_osbydalen,2012,30
5611170_osbydalen,2013,34
5611170_osbydalen,2014,39
5611190_holmviksskogen,2000,1
5611190_holmviksskogen,2001,-1
5611190_holmviksskogen,2002,-8
5611190_holmviksskogen,2003,-17
5611190_holmviksskogen,2004,-26
5611190_holmviksskogen,2005,-24
5611190_holmviksskogen,2006,-27
5611190_holmviksskogen,2007,-25
5611190_holmviksskogen,2008,-28
5611190_holmviksskogen,2009,-33
5611190_holmviksskogen,2010,-24
5611190_holmviksskogen,2011,-24
5611190_holmviksskogen,2012,-28
5611190_holmviksskogen,2013,-22
5611190_holmviksskogen,2014,-19
5620100_brunn,2000,-2
5620100_brunn,2001,4
5620100_brunn,2002,1
5620100_brunn,2003,-2
5620100_brunn,2004,5
5620100_brunn,2005,8
5620100_brunn,2006,9
5620100_brunn,2007,12
5620100_brunn,2008,15
5620100_brunn,2009,12
5620100_brunn,2010,12
5620100_brunn,2011,21
5620100_brunn,2012,16
5620100_brunn,2013,19
5620100_brunn,2014,32
5620510_norra_ingaro_sodra_farstalandet,2000,46
5620510_norra_ingaro_sodra_farstalandet,2001,71
5620510_norra_ingaro_sodra_farstalandet,2002,75
5620510_norra_ingaro_sodra_farstalandet,2003,90
5620510_norra_ingaro_sodra_farstalandet,2004,101
5620510_norra_ingaro_sodra_farstalandet,2005,106
5620510_norra_ingaro_sodra_farstalandet,2006,105
5620510_norra_ingaro_sodra_farstalandet,2007,120
5620510_norra_ingaro_sodra_farstalandet,2008,121
5620510_norra_ingaro_sodra_farstalandet,2009,131
5620510_norra_ingaro_sodra_farstalandet,2010,146
5620510_norra_ingaro_sodra_farstalandet,2011,148
5620510_norra_ingaro_sodra_farstalandet,2012,156
5620510_norra_ingaro_sodra_farstalandet,2013,159
5620510_norra_ingaro_sodra_farstalandet,2014,166
5620520_sydvastra_ingaro,2000,4
5620520_sydvastra_ingaro,2001,13
5620520_sydvastra_ingaro,2002,22
5620520_sydvastra_ingaro,2003,33
5620520_sydvastra_ingaro,2004,40
5620520_sydvastra_ingaro,2005,49
5620520_sydvastra_ingaro,2006,54
5620520_sydvastra_ingaro,2007,66
5620520_sydvastra_ingaro,2008,76
5620520_sydvastra_ingaro,2009,68
5620520_sydvastra_ingaro,2010,71
5620520_sydvastra_ingaro,2011,71
5620520_sydvastra_ingaro,2012,85
5620520_sydvastra_ingaro,2013,93
5620520_sydvastra_ingaro,2014,107
5620530_langvik_klacknaset_skalsmara,2000,22
5620530_langvik_klacknaset_skalsmara,2001,30
5620530_langvik_klacknaset_skalsmara,2002,44
5620530_langvik_klacknaset_skalsmara,2003,43
5620530_langvik_klacknaset_skalsmara,2004,50
5620530_langvik_klacknaset_skalsmara,2005,61
5620530_langvik_klacknaset_skalsmara,2006,61
5620530_langvik_klacknaset_skalsmara,2007,76
5620530_langvik_klacknaset_skalsmara,2008,88
5620530_langvik_klacknaset_skalsmara,2009,100
5620530_langvik_klacknaset_skalsmara,2010,97
5620530_langvik_klacknaset_skalsmara,2011,115
5620530_langvik_klacknaset_skalsmara,2012,105
5620530_langvik_klacknaset_skalsmara,2013,104
5620530_langvik_klacknaset_skalsmara,2014,114
5630110_hemmesta,2000,5
5630110_hemmesta,2001,1
5630110_hemmesta,2002,0
5630110_hemmesta,2003,7
5630110_hemmesta,2004,7
5630110_hemmesta,2005,7
5630110_hemmesta,2006,5
5630110_hemmesta,2007,11
5630110_hemmesta,2008,24
5630110_hemmesta,2009,25
5630110_hemmesta,2010,31
5630110_hemmesta,2011,37
5630110_hemmesta,2012,44
5630110_hemmesta,2013,51
5630110_hemmesta,2014,56
5630120_fruvik,2000,2
5630120_fruvik,2001,6
5630120_fruvik,2002,4
5630120_fruvik,2003,6
5630120_fruvik,2004,13
5630120_fruvik,2005,44
5630120_fruvik,2006,75
5630120_fruvik,2007,88
5630120_fruvik,2008,93
5630120_fruvik,2009,96
5630120_fruvik,2010,98
5630120_fruvik,2011,103
5630120_fruvik,2012,116
5630120_fruvik,2013,106
5630120_fruvik,2014,119
5630130_hemmestahojden,2000,6
5630130_hemmestahojden,2001,3
5630130_hemmestahojden,2002,3
5630130_hemmestahojden,2003,6
5630130_hemmestahojden,2004,9
5630130_hemmestahojden,2005,9
5630130_hemmestahojden,2006,18
5630130_hemmestahojden,2007,17
5630130_hemmestahojden,2008,16
5630130_hemmestahojden,2009,12
5630130_hemmestahojden,2010,13
5630130_hemmestahojden,2011,10
5630130_hemmestahojden,2012,8
5630130_hemmestahojden,2013,0
5630130_hemmestahojden,2014,2
5630200_angsvik,2000,0
5630200_angsvik,2001,-3
5630200_angsvik,2002,-7
5630200_angsvik,2003,-7
5630200_angsvik,2004,-7
5630200_angsvik,2005,-12
5630200_angsvik,2006,-11
5630200_angsvik,2007,-10
5630200_angsvik,2008,-9
5630200_angsvik,2009,-15
5630200_angsvik,2010,-16
5630200_angsvik,2011,-21
5630200_angsvik,2012,-24
5630200_angsvik,2013,-20
5630200_angsvik,2014,-21
5630300_skepsdalsstrom,2000,21
5630300_skepsdalsstrom,2001,42
5630300_skepsdalsstrom,2002,92
5630300_skepsdalsstrom,2003,127
5630300_skepsdalsstrom,2004,199
5630300_skepsdalsstrom,2005,247
5630300_skepsdalsstrom,2006,248
5630300_skepsdalsstrom,2007,271
5630300_skepsdalsstrom,2008,274
5630300_skepsdalsstrom,2009,277
5630300_skepsdalsstrom,2010,282
5630300_skepsdalsstrom,2011,278
5630300_skepsdalsstrom,2012,285
5630300_skepsdalsstrom,2013,290
5630300_skepsdalsstrom,2014,296
5630400_kopparmora,2000,1
5630400_kopparmora,2001,1
5630400_kopparmora,2002,1
5630400_kopparmora,2003,1
5630400_kopparmora,2004,-2
5630400_kopparmora,2005,0
5630400_kopparmora,2006,3
5630400_kopparmora,2007,3
5630400_kopparmora,2008,3
5630400_kopparmora,2009,-1
5630400_kopparmora,2010,5
5630400_kopparmora,2011,10
5630400_kopparmora,2012,10
5630400_kopparmora,2013,10
5630400_kopparmora,2014,16
5630510_norra_varmdo_torsby_evlinge_saltaro_skarmaro,2000,6
5630510_norra_varmdo_torsby_evlinge_saltaro_skarmaro,2001,40
5630510_norra_varmdo_torsby_evlinge_saltaro_skarmaro,2002,53
5630510_norra_varmdo_torsby_evlinge_saltaro_skarmaro,2003,57
5630510_norra_varmdo_torsby_evlinge_saltaro_skarmaro,2004,65
5630510_norra_varmdo_torsby_evlinge_saltaro_skarmaro,2005,89
5630510_norra_varmdo_torsby_evlinge_saltaro_skarmaro,2006,98
5630510_norra_varmdo_torsby_evlinge_saltaro_skarmaro,2007,107
5630510_norra_varmdo_torsby_evlinge_saltaro_skarmaro,2008,112
5630510_norra_varmdo_torsby_evlinge_saltaro_skarmaro,2009,112
5630510_norra_varmdo_torsby_evlinge_saltaro_skarmaro,2010,107
5630510_norra_varmdo_torsby_evlinge_saltaro_skarmaro,2011,124
5630510_norra_varmdo_torsby_evlinge_saltaro_skarmaro,2012,140
5630510_norra_varmdo_torsby_evlinge_saltaro_skarmaro,2013,143
5630510_norra_varmdo_torsby_evlinge_saltaro_skarmaro,2014,159
5630520_sodra_varmdolandet_stromma_bullando_alvsala_fagerdala_fagelbrolandet,2000,7
5630520_sodra_varmdolandet_stromma_bullando_alvsala_fagerdala_fagelbrolandet,2001,20
5630520_sodra_varmdolandet_stromma_bullando_alvsala_fagerdala_fagelbrolandet,2002,33
5630520_sodra_varmdolandet_stromma_bullando_alvsala_fagerdala_fagelbrolandet,2003,39
5630520_sodra_varmdolandet_stromma_bullando_alvsala_fagerdala_fagelbrolandet,2004,40
5630520_sodra_varmdolandet_stromma_bullando_alvsala_fagerdala_fagelbrolandet,2005,36
5630520_sodra_varmdolandet_stromma_bullando_alvsala_fagerdala_fagelbrolandet,2006,52
5630520_sodra_varmdolandet_stromma_bullando_alvsala_fagerdala_fagelbrolandet,2007,57
5630520_sodra_varmdolandet_stromma_bullando_alvsala_fagerdala_fagelbrolandet,2008,62
5630520_sodra_varmdolandet_stromma_bullando_alvsala_fagerdala_fagelbrolandet,2009,54
5630520_sodra_varmdolandet_stromma_bullando_alvsala_fagerdala_fagelbrolandet,2010,59
5630520_sodra_varmdolandet_stromma_bullando_alvsala_fagerdala_fagelbrolandet,2011,76
5630520_sodra_varmdolandet_stromma_bullando_alvsala_fagerdala_fagelbrolandet,2012,74
5630520_sodra_varmdolandet_stromma_bullando_alvsala_fagerdala_fagelbrolandet,2013,68
5630520_sodra_varmdolandet_stromma_bullando_alvsala_fagerdala_fagelbrolandet,2014,73
5630600_varmdo_norra_skargard,2000,7
5630600_varmdo_norra_skargard,2001,4
5630600_varmdo_norra_skargard,2002,-2
5630600_varmdo_norra_skargard,2003,-2
5630600_varmdo_norra_skargard,2004,1
5630600_varmdo_norra_skargard,2005,1
5630600_varmdo_norra_skargard,2006,1
5630600_varmdo_norra_skargard,2007,1
5630600_varmdo_norra_skargard,2008,4
5630600_varmdo_norra_skargard,2009,4
5630600_varmdo_norra_skargard,2010,1
5630600_varmdo_norra_skargard,2011,1
5630600_varmdo_norra_skargard,2012,1
5630600_varmdo_norra_skargard,2013,1
5630600_varmdo_norra_skargard,2014,4
5640100_djurhamn,2000,5
5640100_djurhamn,2001,4
5640100_djurhamn,2002,9
5640100_djurhamn,2003,13
5640100_djurhamn,2004,8
5640100_djurhamn,2005,8
5640100_djurhamn,2006,9
5640100_djurhamn,2007,8
5640100_djurhamn,2008,6
5640100_djurhamn,2009,7
5640100_djurhamn,2010,-4
5640100_djurhamn,2011,-10
5640100_djurhamn,2012,-3
5640100_djurhamn,2013,-8
5640100_djurhamn,2014,-13
5640200_stavsnas,2000,0
5640200_stavsnas,2001,-6
5640200_stavsnas,2002,-6
5640200_stavsnas,2003,-7
5640200_stavsnas,2004,-5
5640200_stavsnas,2005,-5
5640200_stavsnas,2006,-6
5640200_stavsnas,2007,0
5640200_stavsnas,2008,6
5640200_stavsnas,2009,2
5640200_stavsnas,2010,5
5640200_stavsnas,2011,-6
5640200_stavsnas,2012,-11
5640200_stavsnas,2013,-18
5640200_stavsnas,2014,-12
5640510_stavsnas_glesbygd,2000,4
5640510_stavsnas_glesbygd,2001,7
5640510_stavsnas_glesbygd,2002,10
5640510_stavsnas_glesbygd,2003,17
5640510_stavsnas_glesbygd,2004,20
5640510_stavsnas_glesbygd,2005,21
5640510_stavsnas_glesbygd,2006,19
5640510_stavsnas_glesbygd,2007,21
5640510_stavsnas_glesbygd,2008,22
5640510_stavsnas_glesbygd,2009,14
5640510_stavsnas_glesbygd,2010,16
5640510_stavsnas_glesbygd,2011,23
5640510_stavsnas_glesbygd,2012,29
5640510_stavsnas_glesbygd,2013,30
5640510_stavsnas_glesbygd,2014,34
5640520_djuro_glesbygd,2000,3
5640520_djuro_glesbygd,2001,7
5640520_djuro_glesbygd,2002,9
5640520_djuro_glesbygd,2003,16
5640520_djuro_glesbygd,2004,26
5640520_djuro_glesbygd,2005,25
5640520_djuro_glesbygd,2006,21
5640520_djuro_glesbygd,2007,18
5640520_djuro_glesbygd,2008,21
5640520_djuro_glesbygd,2009,27
5640520_djuro_glesbygd,2010,26
5640520_djuro_glesbygd,2011,23
5640520_djuro_glesbygd,2012,27
5640520_djuro_glesbygd,2013,25
5640520_djuro_glesbygd,2014,18
5640600_djuro_skargard,2000,0
5640600_djuro_skargard,2001,3
5640600_djuro_skargard,2002,3
5640600_djuro_skargard,2003,8
5640600_djuro_skargard,2004,12
5640600_djuro_skargard,2005,18
5640600_djuro_skargard,2006,14
5640600_djuro_skargard,2007,14
5640600_djuro_skargard,2008,14
5640600_djuro_skargard,2009,14
5640600_djuro_skargard,2010,15
5640600_djuro_skargard,2011,12
5640600_djuro_skargard,2012,15
5640600_djuro_skargard,2013,15
5640600_djuro_skargard,2014,22
5650000_moja_forsamling,2000,3
5650000_moja_forsamling,2001,0
5650000_moja_forsamling,2002,0
5650000_moja_forsamling,2003,0
5650000_moja_forsamling,2004,3
5650000_moja_forsamling,2005,-1
5650000_moja_forsamling,2006,-4
5650000_moja_forsamling,2007,-4
5650000_moja_forsamling,2008,-4
5650000_moja_forsamling,2009,-4
5650000_moja_forsamling,2010,-4
5650000_moja_forsamling,2011,-4
5650000_moja_forsamling,2012,-1
5650000_moja_forsamling,2013,-1
5650000_moja_forsamling,2014,-1
5660000_namdo_forsamling,2000,0
5660000_namdo_forsamling,2001,3
5660000_namdo_forsamling,2002,3
5660000_namdo_forsamling,2003,6
5660000_namdo_forsamling,2004,3
5660000_namdo_forsamling,2005,3
5660000_namdo_forsamling,2006,0
5660000_namdo_forsamling,2007,0
5660000_namdo_forsamling,2008,3
5660000_namdo_forsamling,2009,6
5660000_namdo_forsamling,2010,7
5660000_namdo_forsamling,2011,4
5660000_namdo_forsamling,2012,4
5660000_namdo_forsamling,2013,1
5660000_namdo_forsamling,2014,1
3311110_staket,2000,11
3311110_staket,2001,23
3311110_staket,2002,26
3311110_staket,2003,23
3311110_staket,2004,29
3311110_staket,2005,30
3311110_staket,2006,46
3311110_staket,2007,66
3311110_staket,2008,84
3311110_staket,2009,107
3311110_staket,2010,102
3311110_staket,2011,109
3311110_staket,2012,112
3311110_staket,2013,121
3311110_staket,2014,127
3312220_vastra_kallhall,2000,19
3312220_vastra_kallhall,2001,22
3312220_vastra_kallhall,2002,22
3312220_vastra_kallhall,2003,21
3312220_vastra_kallhall,2004,5
3312220_vastra_kallhall,2005,-7
3312220_vastra_kallhall,2006,-16
3312220_vastra_kallhall,2007,-39
3312220_vastra_kallhall,2008,-48
3312220_vastra_kallhall,2009,-48
3312220_vastra_kallhall,2010,-54
3312220_vastra_kallhall,2011,-53
3312220_vastra_kallhall,2012,-39
3312220_vastra_kallhall,2013,-50
3312220_vastra_kallhall,2014,-57
3312230_skogstorp,2000,4
3312230_skogstorp,2001,1
3312230_skogstorp,2002,6
3312230_skogstorp,2003,2
3312230_skogstorp,2004,10
3312230_skogstorp,2005,18
3312230_skogstorp,2006,16
3312230_skogstorp,2007,13
3312230_skogstorp,2008,24
3312230_skogstorp,2009,30
3312230_skogstorp,2010,40
3312230_skogstorp,2011,45
3312230_skogstorp,2012,55
3312230_skogstorp,2013,52
3312230_skogstorp,2014,58
3312240_norra_kallhall,2000,6
3312240_norra_kallhall,2001,1
3312240_norra_kallhall,2002,16
3312240_norra_kallhall,2003,-1
3312240_norra_kallhall,2004,-3
3312240_norra_kallhall,2005,-7
3312240_norra_kallhall,2006,-7
3312240_norra_kallhall,2007,-6
3312240_norra_kallhall,2008,-14
3312240_norra_kallhall,2009,-22
3312240_norra_kallhall,2010,-27
3312240_norra_kallhall,2011,-4
3312240_norra_kallhall,2012,-16
3312240_norra_kallhall,2013,-22
3312240_norra_kallhall,2014,-15
3312250_bonas,2000,8
3312250_bonas,2001,8
3312250_bonas,2002,17
3312250_bonas,2003,20
3312250_bonas,2004,28
3312250_bonas,2005,33
3312250_bonas,2006,40
3312250_bonas,2007,39
3312250_bonas,2008,47
3312250_bonas,2009,54
3312250_bonas,2010,54
3312250_bonas,2011,57
3312250_bonas,2012,60
3312250_bonas,2013,64
3312250_bonas,2014,62
3312260_termosvagen,2000,-10
3312260_termosvagen,2001,-21
3312260_termosvagen,2002,-26
3312260_termosvagen,2003,-26
3312260_termosvagen,2004,-49
3312260_termosvagen,2005,-54
3312260_termosvagen,2006,-55
3312260_termosvagen,2007,-65
3312260_termosvagen,2008,-67
3312260_termosvagen,2009,-66
3312260_termosvagen,2010,-70
3312260_termosvagen,2011,-76
3312260_termosvagen,2012,-73
3312260_termosvagen,2013,-81
3312260_termosvagen,2014,-99
3312270_ladersatra,2000,1
3312270_ladersatra,2001,3
3312270_ladersatra,2002,24
3312270_ladersatra,2003,24
3312270_ladersatra,2004,23
3312270_ladersatra,2005,23
3312270_ladersatra,2006,7
3312270_ladersatra,2007,6
3312270_ladersatra,2008,0
3312270_ladersatra,2009,-14
3312270_ladersatra,2010,-5
3312270_ladersatra,2011,-6
3312270_ladersatra,2012,-13
3312270_ladersatra,2013,-13
3312270_ladersatra,2014,-4
3312300_molnsattra,2000,3
3312300_molnsattra,2001,6
3312300_molnsattra,2002,6
3312300_molnsattra,2003,6
3312300_molnsattra,2004,6
3312300_molnsattra,2005,15
3312300_molnsattra,2006,26
3312300_molnsattra,2007,22
3312300_molnsattra,2008,22
3312300_molnsattra,2009,13
3312300_molnsattra,2010,20
3312300_molnsattra,2011,24
3312300_molnsattra,2012,24
3312300_molnsattra,2013,30
3312300_molnsattra,2014,36
3324100_olovslund,2000,25
3324100_olovslund,2001,31
3324100_olovslund,2002,56
3324100_olovslund,2003,59
3324100_olovslund,2004,76
3324100_olovslund,2005,83
3324100_olovslund,2006,96
3324100_olovslund,2007,122
3324100_olovslund,2008,125
3324100_olovslund,2009,154
3324100_olovslund,2010,162
3324100_olovslund,2011,191
3324100_olovslund,2012,207
3324100_olovslund,2013,245
3324100_olovslund,2014,265
3324200_berghem,2000,15
3324200_berghem,2001,78
3324200_berghem,2002,93
3324200_berghem,2003,94
3324200_berghem,2004,108
3324200_berghem,2005,103
3324200_berghem,2006,88
3324200_berghem,2007,107
3324200_berghem,2008,119
3324200_berghem,2009,121
3324200_berghem,2010,124
3324200_berghem,2011,127
3324200_berghem,2012,130
3324200_berghem,2013,156
3324200_berghem,2014,176
3324310_sodra_nibble,2000,-11
3324310_sodra_nibble,2001,-9
3324310_sodra_nibble,2002,-21
3324310_sodra_nibble,2003,-14
3324310_sodra_nibble,2004,-25
3324310_sodra_nibble,2005,-24
3324310_sodra_nibble,2006,-29
3324310_sodra_nibble,2007,-33
3324310_sodra_nibble,2008,-46
3324310_sodra_nibble,2009,-50
3324310_sodra_nibble,2010,-53
3324310_sodra_nibble,2011,-68
3324310_sodra_nibble,2012,-74
3324310_sodra_nibble,2013,-72
3324310_sodra_nibble,2014,-91
3324320_norra_nibble,2000,-4
3324320_norra_nibble,2001,5
3324320_norra_nibble,2002,14
3324320_norra_nibble,2003,25
3324320_norra_nibble,2004,40
3324320_norra_nibble,2005,56
3324320_norra_nibble,2006,70
3324320_norra_nibble,2007,84
3324320_norra_nibble,2008,96
3324320_norra_nibble,2009,84
3324320_norra_nibble,2010,76
3324320_norra_nibble,2011,87
3324320_norra_nibble,2012,101
3324320_norra_nibble,2013,107
3324320_norra_nibble,2014,102
3324410_tallbohov,2000,-18
3324410_tallbohov,2001,-34
3324410_tallbohov,2002,-50
3324410_tallbohov,2003,-60
3324410_tallbohov,2004,-87
3324410_tallbohov,2005,-111
3324410_tallbohov,2006,-145
3324410_tallbohov,2007,-183
3324410_tallbohov,2008,-189
3324410_tallbohov,2009,-215
3324410_tallbohov,2010,-229
3324410_tallbohov,2011,-230
3324410_tallbohov,2012,-256
3324410_tallbohov,2013,-270
3324410_tallbohov,2014,-290
3324420_hammaren,2000,13
3324420_hammaren,2001,20
3324420_hammaren,2002,9
3324420_hammaren,2003,9
3324420_hammaren,2004,-3
3324420_hammaren,2005,-22
3324420_hammaren,2006,-36
3324420_hammaren,2007,-52
3324420_hammaren,2008,-78
3324420_hammaren,2009,-78
3324420_hammaren,2010,-105
3324420_hammaren,2011,-103
3324420_hammaren,2012,-115
3324420_hammaren,2013,-115
3324420_hammaren,2014,-167
3324430_jakobsbergs_centrum,2000,0
3324430_jakobsbergs_centrum,2001,12
3324430_jakobsbergs_centrum,2002,24
3324430_jakobsbergs_centrum,2003,13
3324430_jakobsbergs_centrum,2004,-7
3324430_jakobsbergs_centrum,2005,-32
3324430_jakobsbergs_centrum,2006,-55
3324430_jakobsbergs_centrum,2007,-100
3324430_jakobsbergs_centrum,2008,-94
3324430_jakobsbergs_centrum,2009,-115
3324430_jakobsbergs_centrum,2010,-121
3324430_jakobsbergs_centrum,2011,-131
3324430_jakobsbergs_centrum,2012,-142
3324430_jakobsbergs_centrum,2013,-152
3324430_jakobsbergs_centrum,2014,-155
3324500_vibblaby,2000,9
3324500_vibblaby,2001,40
3324500_vibblaby,2002,49
3324500_vibblaby,2003,48
3324500_vibblaby,2004,23
3324500_vibblaby,2005,1
3324500_vibblaby,2006,-20
3324500_vibblaby,2007,-36
3324500_vibblaby,2008,-79
3324500_vibblaby,2009,-99
3324500_vibblaby,2010,-122
3324500_vibblaby,2011,-123
3324500_vibblaby,2012,-135
3324500_vibblaby,2013,-140
3324500_vibblaby,2014,-132
3335100_norra_viksjo,2000,7
3335100_norra_viksjo,2001,1
3335100_norra_viksjo,2002,4
3335100_norra_viksjo,2003,-7
3335100_norra_viksjo,2004,-2
3335100_norra_viksjo,2005,-10
3335100_norra_viksjo,2006,2
3335100_norra_viksjo,2007,-6
3335100_norra_viksjo,2008,6
3335100_norra_viksjo,2009,16
3335100_norra_viksjo,2010,36
3335100_norra_viksjo,2011,35
3335100_norra_viksjo,2012,30
3335100_norra_viksjo,2013,30
3335100_norra_viksjo,2014,29
3335210_ostra_viksjo,2000,-2
3335210_ostra_viksjo,2001,-2
3335210_ostra_viksjo,2002,-3
3335210_ostra_viksjo,2003,-8
3335210_ostra_viksjo,2004,-4
3335210_ostra_viksjo,2005,9
3335210_ostra_viksjo,2006,12
3335210_ostra_viksjo,2007,23
3335210_ostra_viksjo,2008,12
3335210_ostra_viksjo,2009,16
3335210_ostra_viksjo,2010,16
3335210_ostra_viksjo,2011,33
3335210_ostra_viksjo,2012,40
3335210_ostra_viksjo,2013,38
3335210_ostra_viksjo,2014,50
3335220_viksjo_centrum,2000,8
3335220_viksjo_centrum,2001,19
3335220_viksjo_centrum,2002,18
3335220_viksjo_centrum,2003,25
3335220_viksjo_centrum,2004,14
3335220_viksjo_centrum,2005,14
3335220_viksjo_centrum,2006,15
3335220_viksjo_centrum,2007,-1
3335220_viksjo_centrum,2008,-8
3335220_viksjo_centrum,2009,-16
3335220_viksjo_centrum,2010,-11
3335220_viksjo_centrum,2011,-22
3335220_viksjo_centrum,2012,-22
3335220_viksjo_centrum,2013,-22
3335220_viksjo_centrum,2014,-19
3335310_ostra_lund,2000,-5
3335310_ostra_lund,2001,-1
3335310_ostra_lund,2002,2
3335310_ostra_lund,2003,3
3335310_ostra_lund,2004,0
3335310_ostra_lund,2005,-1
3335310_ostra_lund,2006,-3
3335310_ostra_lund,2007,4
3335310_ostra_lund,2008,2
3335310_ostra_lund,2009,2
3335310_ostra_lund,2010,2
3335310_ostra_lund,2011,-4
3335310_ostra_lund,2012,-4
3335310_ostra_lund,2013,-9
3335310_ostra_lund,2014,-12
3335320_vastra_lund,2000,-7
3335320_vastra_lund,2001,-17
3335320_vastra_lund,2002,-18
3335320_vastra_lund,2003,-14
3335320_vastra_lund,2004,-14
3335320_vastra_lund,2005,-26
3335320_vastra_lund,2006,-24
3335320_vastra_lund,2007,-25
3335320_vastra_lund,2008,-24
3335320_vastra_lund,2009,-25
3335320_vastra_lund,2010,-25
3335320_vastra_lund,2011,-12
3335320_vastra_lund,2012,-7
3335320_vastra_lund,2013,-4
3335320_vastra_lund,2014,-6
3335410_ostra_sandvik,2000,-7
3335410_ostra_sandvik,2001,-6
3335410_ostra_sandvik,2002,-11
3335410_ostra_sandvik,2003,-7
3335410_ostra_sandvik,2004,-11
3335410_ostra_sandvik,2005,-7
3335410_ostra_sandvik,2006,-10
3335410_ostra_sandvik,2007,-10
3335410_ostra_sandvik,2008,-7
3335410_ostra_sandvik,2009,-15
3335410_ostra_sandvik,2010,-13
3335410_ostra_sandvik,2011,-7
3335410_ostra_sandvik,2012,-15
3335410_ostra_sandvik,2013,-8
3335410_ostra_sandvik,2014,-9
3335420_sandvik,2000,6
3335420_sandvik,2001,2
3335420_sandvik,2002,-7
3335420_sandvik,2003,-15
3335420_sandvik,2004,-4
3335420_sandvik,2005,-3
3335420_sandvik,2006,-5
3335420_sandvik,2007,-20
3335420_sandvik,2008,-21
3335420_sandvik,2009,-28
3335420_sandvik,2010,-25
3335420_sandvik,2011,-15
3335420_sandvik,2012,-4
3335420_sandvik,2013,-11
3335420_sandvik,2014,-11
3335600_fjallen,2000,-3
3335600_fjallen,2001,10
3335600_fjallen,2002,7
3335600_fjallen,2003,14
3335600_fjallen,2004,12
3335600_fjallen,2005,15
3335600_fjallen,2006,17
3335600_fjallen,2007,25
3335600_fjallen,2008,14
3335600_fjallen,2009,14
3335600_fjallen,2010,33
3335600_fjallen,2011,28
3335600_fjallen,2012,32
3335600_fjallen,2013,31
3335600_fjallen,2014,34
3346110_skalby,2000,7
3346110_skalby,2001,22
3346110_skalby,2002,28
3346110_skalby,2003,38
3346110_skalby,2004,39
3346110_skalby,2005,36
3346110_skalby,2006,59
3346110_skalby,2007,66
3346110_skalby,2008,76
3346110_skalby,2009,68
3346110_skalby,2010,89
3346110_skalby,2011,90
3346110_skalby,2012,93
3346110_skalby,2013,101
3346110_skalby,2014,119
3346120_ormbacka,2000,12
3346120_ormbacka,2001,11
3346120_ormbacka,2002,19
3346120_ormbacka,2003,14
3346120_ormbacka,2004,15
3346120_ormbacka,2005,14
3346120_ormbacka,2006,34
3346120_ormbacka,2007,70
3346120_ormbacka,2008,93
3346120_ormbacka,2009,131
3346120_ormbacka,2010,151
3346120_ormbacka,2011,157
3346120_ormbacka,2012,161
3346120_ormbacka,2013,156
3346120_ormbacka,2014,159
3346200_skalby_gard,2000,5
3346200_skalby_gard,2001,12
3346200_skalby_gard,2002,16
3346200_skalby_gard,2003,20
3346200_skalby_gard,2004,30
3346200_skalby_gard,2005,33
3346200_skalby_gard,2006,38
3346200_skalby_gard,2007,45
3346200_skalby_gard,2008,71
3346200_skalby_gard,2009,84
3346200_skalby_gard,2010,88
3346200_skalby_gard,2011,96
3346200_skalby_gard,2012,97
3346200_skalby_gard,2013,100
3346200_skalby_gard,2014,121
3347300_jarfalla_kyrka,2000,4
3347300_jarfalla_kyrka,2001,4
3347300_jarfalla_kyrka,2002,3
3347300_jarfalla_kyrka,2003,8
3347300_jarfalla_kyrka,2004,5
3347300_jarfalla_kyrka,2005,6
3347300_jarfalla_kyrka,2006,12
3347300_jarfalla_kyrka,2007,36
3347300_jarfalla_kyrka,2008,37
3347300_jarfalla_kyrka,2009,33
3347300_jarfalla_kyrka,2010,39
3347300_jarfalla_kyrka,2011,36
3347300_jarfalla_kyrka,2012,36
3347300_jarfalla_kyrka,2013,46
3347300_jarfalla_kyrka,2014,61
3347400_barkrby,2000,-4
3347400_barkrby,2001,-2
3347400_barkrby,2002,-3
3347400_barkrby,2003,-14
3347400_barkrby,2004,-13
3347400_barkrby,2005,-14
3347400_barkrby,2006,-18
3347400_barkrby,2007,-9
3347400_barkrby,2008,-15
3347400_barkrby,2009,-24
3347400_barkrby,2010,-26
3347400_barkrby,2011,-24
3347400_barkrby,2012,-21
3347400_barkrby,2013,-31
3347400_barkrby,2014,-42
3347500_barsbro,2000,2
3347500_barsbro,2001,11
3347500_barsbro,2002,12
3347500_barsbro,2003,16
3347500_barsbro,2004,28
3347500_barsbro,2005,34
3347500_barsbro,2006,29
3347500_barsbro,2007,46
3347500_barsbro,2008,56
3347500_barsbro,2009,70
3347500_barsbro,2010,83
3347500_barsbro,2011,92
3347500_barsbro,2012,101
3347500_barsbro,2013,110
3347500_barsbro,2014,125
3210100_drottningholm,2000,7
3210100_drottningholm,2001,3
3210100_drottningholm,2002,6
3210100_drottningholm,2003,9
3210100_drottningholm,2004,7
3210100_drottningholm,2005,11
3210100_drottningholm,2006,9
3210100_drottningholm,2007,3
3210100_drottningholm,2008,2
3210100_drottningholm,2009,5
3210100_drottningholm,2010,0
3210100_drottningholm,2011,-1
3210100_drottningholm,2012,4
3210100_drottningholm,2013,4
3210100_drottningholm,2014,6
3210500_lovo_glesbygd,2000,4
3210500_lovo_glesbygd,2001,6
3210500_lovo_glesbygd,2002,7
3210500_lovo_glesbygd,2003,0
3210500_lovo_glesbygd,2004,5
3210500_lovo_glesbygd,2005,0
3210500_lovo_glesbygd,2006,9
3210500_lovo_glesbygd,2007,7
3210500_lovo_glesbygd,2008,3
3210500_lovo_glesbygd,2009,7
3210500_lovo_glesbygd,2010,11
3210500_lovo_glesbygd,2011,18
3210500_lovo_glesbygd,2012,27
3210500_lovo_glesbygd,2013,32
3210500_lovo_glesbygd,2014,39
3220101_tappstrom_narlunda,2000,2
3220101_tappstrom_narlunda,2001,4
3220101_tappstrom_narlunda,2002,20
3220101_tappstrom_narlunda,2003,36
3220101_tappstrom_narlunda,2004,28
3220101_tappstrom_narlunda,2005,52
3220101_tappstrom_narlunda,2006,64
3220101_tappstrom_narlunda,2007,79
3220101_tappstrom_narlunda,2008,88
3220101_tappstrom_narlunda,2009,109
3220101_tappstrom_narlunda,2010,123
3220101_tappstrom_narlunda,2011,139
3220101_tappstrom_narlunda,2012,146
3220101_tappstrom_narlunda,2013,149
3220101_tappstrom_narlunda,2014,162
3220102_ostra_narlunda,2000,-4
3220102_ostra_narlunda,2001,-4
3220102_ostra_narlunda,2002,-2
3220102_ostra_narlunda,2003,1
3220102_ostra_narlunda,2004,1
3220102_ostra_narlunda,2005,4
3220102_ostra_narlunda,2006,6
3220102_ostra_narlunda,2007,22
3220102_ostra_narlunda,2008,23
3220102_ostra_narlunda,2009,17
3220102_ostra_narlunda,2010,27
3220102_ostra_narlunda,2011,27
3220102_ostra_narlunda,2012,30
3220102_ostra_narlunda,2013,32
3220102_ostra_narlunda,2014,34
3220103_ekero_centrum,2000,-4
3220103_ekero_centrum,2001,-2
3220103_ekero_centrum,2002,-12
3220103_ekero_centrum,2003,-14
3220103_ekero_centrum,2004,-18
3220103_ekero_centrum,2005,-27
3220103_ekero_centrum,2006,-28
3220103_ekero_centrum,2007,-28
3220103_ekero_centrum,2008,-43
3220103_ekero_centrum,2009,-48
3220103_ekero_centrum,2010,-49
3220103_ekero_centrum,2011,-61
3220103_ekero_centrum,2012,-61
3220103_ekero_centrum,2013,-71
3220103_ekero_centrum,2014,-60
3220211_alvnas,2000,2
3220211_alvnas,2001,7
3220211_alvnas,2002,9
3220211_alvnas,2003,14
3220211_alvnas,2004,14
3220211_alvnas,2005,19
3220211_alvnas,2006,30
3220211_alvnas,2007,29
3220211_alvnas,2008,39
3220211_alvnas,2009,44
3220211_alvnas,2010,41
3220211_alvnas,2011,39
3220211_alvnas,2012,49
3220211_alvnas,2013,54
3220211_alvnas,2014,65
3220212_brunna,2000,-1
3220212_brunna,2001,1
3220212_brunna,2002,4
3220212_brunna,2003,7
3220212_brunna,2004,12
3220212_brunna,2005,15
3220212_brunna,2006,26
3220212_brunna,2007,31
3220212_brunna,2008,28
3220212_brunna,2009,27
3220212_brunna,2010,22
3220212_brunna,2011,24
3220212_brunna,2012,28
3220212_brunna,2013,25
3220212_brunna,2014,26
3220230_knalleborg,2000,-1
3220230_knalleborg,2001,-6
3220230_knalleborg,2002,-7
3220230_knalleborg,2003,-10
3220230_knalleborg,2004,-12
3220230_knalleborg,2005,-20
3220230_knalleborg,2006,-10
3220230_knalleborg,2007,-11
3220230_knalleborg,2008,-8
3220230_knalleborg,2009,-6
3220230_knalleborg,2010,-7
3220230_knalleborg,2011,1
3220230_knalleborg,2012,5
3220230_knalleborg,2013,8
3220230_knalleborg,2014,17
3220261_ostra_trakvista,2000,10
3220261_ostra_trakvista,2001,14
3220261_ostra_trakvista,2002,28
3220261_ostra_trakvista,2003,32
3220261_ostra_trakvista,2004,44
3220261_ostra_trakvista,2005,50
3220261_ostra_trakvista,2006,75
3220261_ostra_trakvista,2007,93
3220261_ostra_trakvista,2008,112
3220261_ostra_trakvista,2009,122
3220261_ostra_trakvista,2010,139
3220261_ostra_trakvista,2011,154
3220261_ostra_trakvista,2012,158
3220261_ostra_trakvista,2013,167
3220261_ostra_trakvista,2014,188
3220262_gallsta_o,2000,3
3220262_gallsta_o,2001,3
3220262_gallsta_o,2002,4
3220262_gallsta_o,2003,15
3220262_gallsta_o,2004,46
3220262_gallsta_o,2005,73
3220262_gallsta_o,2006,98
3220262_gallsta_o,2007,117
3220262_gallsta_o,2008,142
3220262_gallsta_o,2009,146
3220262_gallsta_o,2010,150
3220262_gallsta_o,2011,163
3220262_gallsta_o,2012,171
3220262_gallsta_o,2013,189
3220262_gallsta_o,2014,199
3220270_sandudden,2000,44
3220270_sandudden,2001,46
3220270_sandudden,2002,83
3220270_sandudden,2003,89
3220270_sandudden,2004,94
3220270_sandudden,2005,85
3220270_sandudden,2006,82
3220270_sandudden,2007,90
3220270_sandudden,2008,81
3220270_sandudden,2009,120
3220270_sandudden,2010,128
3220270_sandudden,2011,173
3220270_sandudden,2012,189
3220270_sandudden,2013,211
3220270_sandudden,2014,221
3220500_ekero_glesbygd,2000,16
3220500_ekero_glesbygd,2001,27
3220500_ekero_glesbygd,2002,32
3220500_ekero_glesbygd,2003,41
3220500_ekero_glesbygd,2004,45
3220500_ekero_glesbygd,2005,51
3220500_ekero_glesbygd,2006,54
3220500_ekero_glesbygd,2007,60
3220500_ekero_glesbygd,2008,72
3220500_ekero_glesbygd,2009,85
3220500_ekero_glesbygd,2010,85
3220500_ekero_glesbygd,2011,77
3220500_ekero_glesbygd,2012,72
3220500_ekero_glesbygd,2013,77
3220500_ekero_glesbygd,2014,84
3230000_munso_forsamling,2000,0
3230000_munso_forsamling,2001,2
3230000_munso_forsamling,2002,9
3230000_munso_forsamling,2003,14
3230000_munso_forsamling,2004,22
3230000_munso_forsamling,2005,22
3230000_munso_forsamling,2006,22
3230000_munso_forsamling,2007,28
3230000_munso_forsamling,2008,29
3230000_munso_forsamling,2009,36
3230000_munso_forsamling,2010,36
3230000_munso_forsamling,2011,29
3230000_munso_forsamling,2012,29
3230000_munso_forsamling,2013,27
3230000_munso_forsamling,2014,27
3240000_adelso_forsamling,2000,-3
3240000_adelso_forsamling,2001,-3
3240000_adelso_forsamling,2002,-3
3240000_adelso_forsamling,2003,2
3240000_adelso_forsamling,2004,4
3240000_adelso_forsamling,2005,6
3240000_adelso_forsamling,2006,7
3240000_adelso_forsamling,2007,10
3240000_adelso_forsamling,2008,15
3240000_adelso_forsamling,2009,11
3240000_adelso_forsamling,2010,12
3240000_adelso_forsamling,2011,4
3240000_adelso_forsamling,2012,8
3240000_adelso_forsamling,2013,8
3240000_adelso_forsamling,2014,11
3250100_farentuna_fd_forsamling,2000,12
3250100_farentuna_fd_forsamling,2001,22
3250100_farentuna_fd_forsamling,2002,31
3250100_farentuna_fd_forsamling,2003,27
3250100_farentuna_fd_forsamling,2004,26
3250100_farentuna_fd_forsamling,2005,32
3250100_farentuna_fd_forsamling,2006,42
3250100_farentuna_fd_forsamling,2007,45
3250100_farentuna_fd_forsamling,2008,63
3250100_farentuna_fd_forsamling,2009,77
3250100_farentuna_fd_forsamling,2010,76
3250100_farentuna_fd_forsamling,2011,76
3250100_farentuna_fd_forsamling,2012,73
3250100_farentuna_fd_forsamling,2013,74
3250100_farentuna_fd_forsamling,2014,88
3250201_hilleshogs_fd_forsamling,2000,-1
3250201_hilleshogs_fd_forsamling,2001,3
3250201_hilleshogs_fd_forsamling,2002,10
3250201_hilleshogs_fd_forsamling,2003,10
3250201_hilleshogs_fd_forsamling,2004,8
3250201_hilleshogs_fd_forsamling,2005,9
3250201_hilleshogs_fd_forsamling,2006,12
3250201_hilleshogs_fd_forsamling,2007,19
3250201_hilleshogs_fd_forsamling,2008,20
3250201_hilleshogs_fd_forsamling,2009,22
3250201_hilleshogs_fd_forsamling,2010,34
3250201_hilleshogs_fd_forsamling,2011,40
3250201_hilleshogs_fd_forsamling,2012,39
3250201_hilleshogs_fd_forsamling,2013,34
3250201_hilleshogs_fd_forsamling,2014,38
3250202_ricksattra,2000,6
3250202_ricksattra,2001,9
3250202_ricksattra,2002,12
3250202_ricksattra,2003,9
3250202_ricksattra,2004,12
3250202_ricksattra,2005,15
3250202_ricksattra,2006,12
3250202_ricksattra,2007,9
3250202_ricksattra,2008,9
3250202_ricksattra,2009,9
3250202_ricksattra,2010,10
3250202_ricksattra,2011,7
3250202_ricksattra,2012,4
3250202_ricksattra,2013,10
3250202_ricksattra,2014,10
3250310_stenhamra,2000,-4
3250310_stenhamra,2001,1
3250310_stenhamra,2002,8
3250310_stenhamra,2003,17
3250310_stenhamra,2004,16
3250310_stenhamra,2005,27
3250310_stenhamra,2006,37
3250310_stenhamra,2007,45
3250310_stenhamra,2008,56
3250310_stenhamra,2009,64
3250310_stenhamra,2010,67
3250310_stenhamra,2011,87
3250310_stenhamra,2012,101
3250310_stenhamra,2013,106
3250310_stenhamra,2014,114
3250320_sanga_glesbygd,2000,3
3250320_sanga_glesbygd,2001,4
3250320_sanga_glesbygd,2002,7
3250320_sanga_glesbygd,2003,13
3250320_sanga_glesbygd,2004,9
3250320_sanga_glesbygd,2005,11
3250320_sanga_glesbygd,2006,10
3250320_sanga_glesbygd,2007,17
3250320_sanga_glesbygd,2008,18
3250320_sanga_glesbygd,2009,21
3250320_sanga_glesbygd,2010,32
3250320_sanga_glesbygd,2011,35
3250320_sanga_glesbygd,2012,30
3250320_sanga_glesbygd,2013,32
3250320_sanga_glesbygd,2014,42
3250400_ska_fd_forsamling,2000,4
3250400_ska_fd_forsamling,2001,7
3250400_ska_fd_forsamling,2002,15
3250400_ska_fd_forsamling,2003,21
3250400_ska_fd_forsamling,2004,27
3250400_ska_fd_forsamling,2005,43
3250400_ska_fd_forsamling,2006,37
3250400_ska_fd_forsamling,2007,41
3250400_ska_fd_forsamling,2008,51
3250400_ska_fd_forsamling,2009,67
3250400_ska_fd_forsamling,2010,76
3250400_ska_fd_forsamling,2011,87
3250400_ska_fd_forsamling,2012,103
3250400_ska_fd_forsamling,2013,109
3250400_ska_fd_forsamling,2014,127
5310420_skogsang_milsten,2000,62
5310420_skogsang_milsten,2001,66
5310420_skogsang_milsten,2002,76
5310420_skogsang_milsten,2003,76
5310420_skogsang_milsten,2004,88
5310420_skogsang_milsten,2005,104
5310420_skogsang_milsten,2006,132
5310420_skogsang_milsten,2007,131
5310420_skogsang_milsten,2008,140
5310420_skogsang_milsten,2009,160
5310420_skogsang_milsten,2010,172
5310420_skogsang_milsten,2011,184
5310420_skogsang_milsten,2012,211
5310420_skogsang_milsten,2013,223
5310420_skogsang_milsten,2014,243
5310810_fullersta_gard,2000,21
5310810_fullersta_gard,2001,16
5310810_fullersta_gard,2002,-4
5310810_fullersta_gard,2003,-6
5310810_fullersta_gard,2004,14
5310810_fullersta_gard,2005,3
5310810_fullersta_gard,2006,-4
5310810_fullersta_gard,2007,-4
5310810_fullersta_gard,2008,-12
5310810_fullersta_gard,2009,-18
5310810_fullersta_gard,2010,-9
5310810_fullersta_gard,2011,-10
5310810_fullersta_gard,2012,-17
5310810_fullersta_gard,2013,-14
5310810_fullersta_gard,2014,-10
5310830_fridhem,2000,8
5310830_fridhem,2001,35
5310830_fridhem,2002,37
5310830_fridhem,2003,46
5310830_fridhem,2004,63
5310830_fridhem,2005,74
5310830_fridhem,2006,91
5310830_fridhem,2007,97
5310830_fridhem,2008,119
5310830_fridhem,2009,143
5310830_fridhem,2010,151
5310830_fridhem,2011,162
5310830_fridhem,2012,166
5310830_fridhem,2013,189
5310830_fridhem,2014,202
5310840_kallbrink_vistaberg,2000,-4
5310840_kallbrink_vistaberg,2001,1
5310840_kallbrink_vistaberg,2002,5
5310840_kallbrink_vistaberg,2003,10
5310840_kallbrink_vistaberg,2004,31
5310840_kallbrink_vistaberg,2005,45
5310840_kallbrink_vistaberg,2006,51
5310840_kallbrink_vistaberg,2007,67
5310840_kallbrink_vistaberg,2008,182
5310840_kallbrink_vistaberg,2009,265
5310840_kallbrink_vistaberg,2010,339
5310840_kallbrink_vistaberg,2011,419
5310840_kallbrink_vistaberg,2012,541
5310840_kallbrink_vistaberg,2013,596
5310840_kallbrink_vistaberg,2014,641
5310850_vardkasen,2000,0
5310850_vardkasen,2001,-1
5310850_vardkasen,2002,-2
5310850_vardkasen,2003,2
5310850_vardkasen,2004,6
5310850_vardkasen,2005,5
5310850_vardkasen,2006,8
5310850_vardkasen,2007,15
5310850_vardkasen,2008,22
5310850_vardkasen,2009,25
5310850_vardkasen,2010,29
5310850_vardkasen,2011,33
5310850_vardkasen,2012,35
5310850_vardkasen,2013,38
5310850_vardkasen,2014,59
5310910_sjodalen_huddinge_c,2000,2
5310910_sjodalen_huddinge_c,2001,-3
5310910_sjodalen_huddinge_c,2002,-34
5310910_sjodalen_huddinge_c,2003,-55
5310910_sjodalen_huddinge_c,2004,-62
5310910_sjodalen_huddinge_c,2005,-96
5310910_sjodalen_huddinge_c,2006,-118
5310910_sjodalen_huddinge_c,2007,-84
5310910_sjodalen_huddinge_c,2008,-43
5310910_sjodalen_huddinge_c,2009,-83
5310910_sjodalen_huddinge_c,2010,-132
5310910_sjodalen_huddinge_c,2011,-136
5310910_sjodalen_huddinge_c,2012,-158
5310910_sjodalen_huddinge_c,2013,-181
5310910_sjodalen_huddinge_c,2014,-213
5310941_solgard,2000,0
5310941_solgard,2001,16
5310941_solgard,2002,21
5310941_solgard,2003,15
5310941_solgard,2004,15
5310941_solgard,2005,28
5310941_solgard,2006,28
5310941_solgard,2007,48
5310941_solgard,2008,76
5310941_solgard,2009,66
5310941_solgard,2010,70
5310941_solgard,2011,81
5310941_solgard,2012,91
5310941_solgard,2013,93
5310941_solgard,2014,95
5310942_sorskogen,2000,-5
5310942_sorskogen,2001,-6
5310942_sorskogen,2002,-11
5310942_sorskogen,2003,-17
5310942_sorskogen,2004,-24
5310942_sorskogen,2005,-25
5310942_sorskogen,2006,-20
5310942_sorskogen,2007,-20
5310942_sorskogen,2008,-15
5310942_sorskogen,2009,-12
5310942_sorskogen,2010,0
5310942_sorskogen,2011,9
5310942_sorskogen,2012,14
5310942_sorskogen,2013,12
5310942_sorskogen,2014,23
5310950_horningsns_balingsnas,2000,4
5310950_horningsns_balingsnas,2001,17
5310950_horningsns_balingsnas,2002,17
5310950_horningsns_balingsnas,2003,14
5310950_horningsns_balingsnas,2004,28
5310950_horningsns_balingsnas,2005,37
5310950_horningsns_balingsnas,2006,53
5310950_horningsns_balingsnas,2007,61
5310950_horningsns_balingsnas,2008,103
5310950_horningsns_balingsnas,2009,125
5310950_horningsns_balingsnas,2010,148
5310950_horningsns_balingsnas,2011,211
5310950_horningsns_balingsnas,2012,251
5310950_horningsns_balingsnas,2013,262
5310950_horningsns_balingsnas,2014,322
5311010_stuvsta_kvarnberget,2000,-2
5311010_stuvsta_kvarnberget,2001,-6
5311010_stuvsta_kvarnberget,2002,-11
5311010_stuvsta_kvarnberget,2003,-21
5311010_stuvsta_kvarnberget,2004,-21
5311010_stuvsta_kvarnberget,2005,-35
5311010_stuvsta_kvarnberget,2006,-33
5311010_stuvsta_kvarnberget,2007,-27
5311010_stuvsta_kvarnberget,2008,-23
5311010_stuvsta_kvarnberget,2009,-31
5311010_stuvsta_kvarnberget,2010,-35
5311010_stuvsta_kvarnberget,2011,-37
5311010_stuvsta_kvarnberget,2012,-38
5311010_stuvsta_kvarnberget,2013,-45
5311010_stuvsta_kvarnberget,2014,-47
5311030_segersminne,2000,10
5311030_segersminne,2001,22
5311030_segersminne,2002,22
5311030_segersminne,2003,37
5311030_segersminne,2004,53
5311030_segersminne,2005,68
5311030_segersminne,2006,70
5311030_segersminne,2007,80
5311030_segersminne,2008,68
5311030_segersminne,2009,80
5311030_segersminne,2010,92
5311030_segersminne,2011,119
5311030_segersminne,2012,124
5311030_segersminne,2013,135
5311030_segersminne,2014,159
5311041_stensangen_hogmora,2000,1
5311041_stensangen_hogmora,2001,7
5311041_stensangen_hogmora,2002,14
5311041_stensangen_hogmora,2003,18
5311041_stensangen_hogmora,2004,24
5311041_stensangen_hogmora,2005,26
5311041_stensangen_hogmora,2006,39
5311041_stensangen_hogmora,2007,104
5311041_stensangen_hogmora,2008,125
5311041_stensangen_hogmora,2009,149
5311041_stensangen_hogmora,2010,157
5311041_stensangen_hogmora,2011,165
5311041_stensangen_hogmora,2012,178
5311041_stensangen_hogmora,2013,179
5311041_stensangen_hogmora,2014,184
5311042_kynas,2000,12
5311042_kynas,2001,29
5311042_kynas,2002,32
5311042_kynas,2003,40
5311042_kynas,2004,44
5311042_kynas,2005,64
5311042_kynas,2006,68
5311042_kynas,2007,103
5311042_kynas,2008,120
5311042_kynas,2009,131
5311042_kynas,2010,146
5311042_kynas,2011,153
5311042_kynas,2012,163
5311042_kynas,2013,174
5311042_kynas,2014,192
5311110_glado_kvarn,2000,3
5311110_glado_kvarn,2001,7
5311110_glado_kvarn,2002,10
5311110_glado_kvarn,2003,13
5311110_glado_kvarn,2004,10
5311110_glado_kvarn,2005,13
5311110_glado_kvarn,2006,22
5311110_glado_kvarn,2007,28
5311110_glado_kvarn,2008,29
5311110_glado_kvarn,2009,29
5311110_glado_kvarn,2010,32
5311110_glado_kvarn,2011,36
5311110_glado_kvarn,2012,41
5311110_glado_kvarn,2013,30
5311110_glado_kvarn,2014,37
5311120_adran,2000,-3
5311120_adran,2001,8
5311120_adran,2002,2
5311120_adran,2003,-1
5311120_adran,2004,2
5311120_adran,2005,5
5311120_adran,2006,1
5311120_adran,2007,4
5311120_adran,2008,8
5311120_adran,2009,11
5311120_adran,2010,12
5311120_adran,2011,15
5311120_adran,2012,10
5311120_adran,2013,10
5311120_adran,2014,16
5320110_trangsunds_centrum,2000,1
5320110_trangsunds_centrum,2001,8
5320110_trangsunds_centrum,2002,18
5320110_trangsunds_centrum,2003,7
5320110_trangsunds_centrum,2004,-19
5320110_trangsunds_centrum,2005,-26
5320110_trangsunds_centrum,2006,-36
5320110_trangsunds_centrum,2007,-53
5320110_trangsunds_centrum,2008,-53
5320110_trangsunds_centrum,2009,-73
5320110_trangsunds_centrum,2010,-102
5320110_trangsunds_centrum,2011,-106
5320110_trangsunds_centrum,2012,-122
5320110_trangsunds_centrum,2013,-123
5320110_trangsunds_centrum,2014,-141
5320120_trangsunds_smahus,2000,68
5320120_trangsunds_smahus,2001,97
5320120_trangsunds_smahus,2002,117
5320120_trangsunds_smahus,2003,132
5320120_trangsunds_smahus,2004,157
5320120_trangsunds_smahus,2005,174
5320120_trangsunds_smahus,2006,214
5320120_trangsunds_smahus,2007,240
5320120_trangsunds_smahus,2008,280
5320120_trangsunds_smahus,2009,299
5320120_trangsunds_smahus,2010,331
5320120_trangsunds_smahus,2011,355
5320120_trangsunds_smahus,2012,390
5320120_trangsunds_smahus,2013,391
5320120_trangsunds_smahus,2014,450
5320310_vastra_skogas,2000,3
5320310_vastra_skogas,2001,-20
5320310_vastra_skogas,2002,-35
5320310_vastra_skogas,2003,-63
5320310_vastra_skogas,2004,-74
5320310_vastra_skogas,2005,-103
5320310_vastra_skogas,2006,-118
5320310_vastra_skogas,2007,-85
5320310_vastra_skogas,2008,-120
5320310_vastra_skogas,2009,-137
5320310_vastra_skogas,2010,-146
5320310_vastra_skogas,2011,-162
5320310_vastra_skogas,2012,-169
5320310_vastra_skogas,2013,-150
5320310_vastra_skogas,2014,-131
5320320_ostra_skogas,2000,14
5320320_ostra_skogas,2001,20
5320320_ostra_skogas,2002,20
5320320_ostra_skogas,2003,17
5320320_ostra_skogas,2004,16
5320320_ostra_skogas,2005,45
5320320_ostra_skogas,2006,54
5320320_ostra_skogas,2007,65
5320320_ostra_skogas,2008,64
5320320_ostra_skogas,2009,84
5320320_ostra_skogas,2010,94
5320320_ostra_skogas,2011,129
5320320_ostra_skogas,2012,131
5320320_ostra_skogas,2013,121
5320320_ostra_skogas,2014,123
5320410_lanna_drevviken,2000,27
5320410_lanna_drevviken,2001,71
5320410_lanna_drevviken,2002,81
5320410_lanna_drevviken,2003,91
5320410_lanna_drevviken,2004,99
5320410_lanna_drevviken,2005,116
5320410_lanna_drevviken,2006,115
5320410_lanna_drevviken,2007,112
5320410_lanna_drevviken,2008,109
5320410_lanna_drevviken,2009,110
5320410_lanna_drevviken,2010,118
5320410_lanna_drevviken,2011,127
5320410_lanna_drevviken,2012,134
5320410_lanna_drevviken,2013,150
5320410_lanna_drevviken,2014,135
5320510_trangsunds_glesbygd,2000,0
5320510_trangsunds_glesbygd,2001,-3
5320510_trangsunds_glesbygd,2002,-2
5320510_trangsunds_glesbygd,2003,-9
5320510_trangsunds_glesbygd,2004,5
5320510_trangsunds_glesbygd,2005,8
5320510_trangsunds_glesbygd,2006,15
5320510_trangsunds_glesbygd,2007,24
5320510_trangsunds_glesbygd,2008,25
5320510_trangsunds_glesbygd,2009,34
5320510_trangsunds_glesbygd,2010,43
5320510_trangsunds_glesbygd,2011,36
5320510_trangsunds_glesbygd,2012,38
5320510_trangsunds_glesbygd,2013,46
5320510_trangsunds_glesbygd,2014,54
5320520_vidja,2000,-6
5320520_vidja,2001,-6
5320520_vidja,2002,-3
5320520_vidja,2003,2
5320520_vidja,2004,4
5320520_vidja,2005,4
5320520_vidja,2006,5
5320520_vidja,2007,11
5320520_vidja,2008,13
5320520_vidja,2009,17
5320520_vidja,2010,21
5320520_vidja,2011,12
5320520_vidja,2012,8
5320520_vidja,2013,6
5320520_vidja,2014,1
5330110_varby_gard,2000,0
5330110_varby_gard,2001,5
5330110_varby_gard,2002,-23
5330110_varby_gard,2003,-47
5330110_varby_gard,2004,-93
5330110_varby_gard,2005,-118
5330110_varby_gard,2006,-160
5330110_varby_gard,2007,-170
5330110_varby_gard,2008,-223
5330110_varby_gard,2009,-247
5330110_varby_gard,2010,-263
5330110_varby_gard,2011,-268
5330110_varby_gard,2012,-273
5330110_varby_gard,2013,-286
5330110_varby_gard,2014,-286
5330200_masmo,2000,-1
5330200_masmo,2001,-6
5330200_masmo,2002,-5
5330200_masmo,2003,-21
5330200_masmo,2004,-14
5330200_masmo,2005,-16
5330200_masmo,2006,-10
5330200_masmo,2007,-28
5330200_masmo,2008,-13
5330200_masmo,2009,-13
5330200_masmo,2010,-24
5330200_masmo,2011,-21
5330200_masmo,2012,-18
5330200_masmo,2013,-19
5330200_masmo,2014,-36
5330331_smista_juringe,2000,22
5330331_smista_juringe,2001,29
5330331_smista_juringe,2002,19
5330331_smista_juringe,2003,28
5330331_smista_juringe,2004,34
5330331_smista_juringe,2005,42
5330331_smista_juringe,2006,67
5330331_smista_juringe,2007,72
5330331_smista_juringe,2008,58
5330331_smista_juringe,2009,61
5330331_smista_juringe,2010,94
5330331_smista_juringe,2011,105
5330331_smista_juringe,2012,159
5330331_smista_juringe,2013,182
5330331_smista_juringe,2014,207
5330332_jakobslund,2000,2
5330332_jakobslund,2001,3
5330332_jakobslund,2002,5
5330332_jakobslund,2003,-3
5330332_jakobslund,2004,-4
5330332_jakobslund,2005,0
5330332_jakobslund,2006,0
5330332_jakobslund,2007,2
5330332_jakobslund,2008,8
5330332_jakobslund,2009,13
5330332_jakobslund,2010,15
5330332_jakobslund,2011,23
5330332_jakobslund,2012,35
5330332_jakobslund,2013,32
5330332_jakobslund,2014,35
5330340_krakvik,2000,12
5330340_krakvik,2001,23
5330340_krakvik,2002,34
5330340_krakvik,2003,44
5330340_krakvik,2004,50
5330340_krakvik,2005,56
5330340_krakvik,2006,59
5330340_krakvik,2007,63
5330340_krakvik,2008,74
5330340_krakvik,2009,81
5330340_krakvik,2010,101
5330340_krakvik,2011,103
5330340_krakvik,2012,114
5330340_krakvik,2013,124
5330340_krakvik,2014,137
5330410_utsalje,2000,8
5330410_utsalje,2001,-1
5330410_utsalje,2002,8
5330410_utsalje,2003,12
5330410_utsalje,2004,6
5330410_utsalje,2005,7
5330410_utsalje,2006,14
5330410_utsalje,2007,32
5330410_utsalje,2008,47
5330410_utsalje,2009,52
5330410_utsalje,2010,68
5330410_utsalje,2011,76
5330410_utsalje,2012,83
5330410_utsalje,2013,88
5330410_utsalje,2014,97
5330430_snattringe_gard,2000,3
5330430_snattringe_gard,2001,-3
5330430_snattringe_gard,2002,-6
5330430_snattringe_gard,2003,3
5330430_snattringe_gard,2004,4
5330430_snattringe_gard,2005,7
5330430_snattringe_gard,2006,2
5330430_snattringe_gard,2007,2
5330430_snattringe_gard,2008,6
5330430_snattringe_gard,2009,10
5330430_snattringe_gard,2010,14
5330430_snattringe_gard,2011,24
5330430_snattringe_gard,2012,29
5330430_snattringe_gard,2013,35
5330430_snattringe_gard,2014,40
5340500_glomsta,2000,1
5340500_glomsta,2001,11
5340500_glomsta,2002,15
5340500_glomsta,2003,37
5340500_glomsta,2004,54
5340500_glomsta,2005,69
5340500_glomsta,2006,78
5340500_glomsta,2007,92
5340500_glomsta,2008,114
5340500_glomsta,2009,117
5340500_glomsta,2010,134
5340500_glomsta,2011,132
5340500_glomsta,2012,148
5340500_glomsta,2013,167
5340500_glomsta,2014,209
5340630_kasta,2000,6
5340630_kasta,2001,15
5340630_kasta,2002,16
5340630_kasta,2003,30
5340630_kasta,2004,50
5340630_kasta,2005,44
5340630_kasta,2006,41
5340630_kasta,2007,45
5340630_kasta,2008,42
5340630_kasta,2009,45
5340630_kasta,2010,44
5340630_kasta,2011,55
5340630_kasta,2012,54
5340630_kasta,2013,59
5340630_kasta,2014,70
5340640_grantorp,2000,-4
5340640_grantorp,2001,-36
5340640_grantorp,2002,-111
5340640_grantorp,2003,-179
5340640_grantorp,2004,-232
5340640_grantorp,2005,-303
5340640_grantorp,2006,-372
5340640_grantorp,2007,-461
5340640_grantorp,2008,-497
5340640_grantorp,2009,-509
5340640_grantorp,2010,-558
5340640_grantorp,2011,-587
5340640_grantorp,2012,-674
5340640_grantorp,2013,-780
5340640_grantorp,2014,-868
5340710_visattra,2000,8
5340710_visattra,2001,4
5340710_visattra,2002,-23
5340710_visattra,2003,-49
5340710_visattra,2004,-55
5340710_visattra,2005,-81
5340710_visattra,2006,-107
5340710_visattra,2007,-146
5340710_visattra,2008,-190
5340710_visattra,2009,-217
5340710_visattra,2010,-221
5340710_visattra,2011,-291
5340710_visattra,2012,-335
5340710_visattra,2013,-352
5340710_visattra,2014,-369
5110110_albyslatten,2000,-13
5110110_albyslatten,2001,-31
5110110_albyslatten,2002,-41
5110110_albyslatten,2003,-67
5110110_albyslatten,2004,-93
5110110_albyslatten,2005,-103
5110110_albyslatten,2006,-138
5110110_albyslatten,2007,-168
5110110_albyslatten,2008,-184
5110110_albyslatten,2009,-197
5110110_albyslatten,2010,-204
5110110_albyslatten,2011,-227
5110110_albyslatten,2012,-238
5110110_albyslatten,2013,-281
5110110_albyslatten,2014,-300
5110120_albyberget,2000,6
5110120_albyberget,2001,-13
5110120_albyberget,2002,-35
5110120_albyberget,2003,-48
5110120_albyberget,2004,-72
5110120_albyberget,2005,-99
5110120_albyberget,2006,-107
5110120_albyberget,2007,-129
5110120_albyberget,2008,-149
5110120_albyberget,2009,-176
5110120_albyberget,2010,-205
5110120_albyberget,2011,-199
5110120_albyberget,2012,-208
5110120_albyberget,2013,-220
5110120_albyberget,2014,-245
5110150_rotemannen,2000,2
5110150_rotemannen,2001,-2
5110150_rotemannen,2002,-3
5110150_rotemannen,2003,-8
5110150_rotemannen,2004,-11
5110150_rotemannen,2005,-11
5110150_rotemannen,2006,-24
5110150_rotemannen,2007,-31
5110150_rotemannen,2008,-33
5110150_rotemannen,2009,-34
5110150_rotemannen,2010,-34
5110150_rotemannen,2011,-33
5110150_rotemannen,2012,-31
5110150_rotemannen,2013,-35
5110150_rotemannen,2014,-42
5110160_alby_gard,2000,-2
5110160_alby_gard,2001,-4
5110160_alby_gard,2002,-3
5110160_alby_gard,2003,-5
5110160_alby_gard,2004,-3
5110160_alby_gard,2005,-5
5110160_alby_gard,2006,-5
5110160_alby_gard,2007,-8
5110160_alby_gard,2008,-10
5110160_alby_gard,2009,-9
5110160_alby_gard,2010,-6
5110160_alby_gard,2011,-3
5110160_alby_gard,2012,-11
5110160_alby_gard,2013,-17
5110160_alby_gard,2014,-21
5110240_aspberget,2000,-2
5110240_aspberget,2001,-1
5110240_aspberget,2002,-3
5110240_aspberget,2003,-3
5110240_aspberget,2004,0
5110240_aspberget,2005,0
5110240_aspberget,2006,0
5110240_aspberget,2007,-3
5110240_aspberget,2008,-3
5110240_aspberget,2009,-3
5110240_aspberget,2010,-1
5110240_aspberget,2011,4
5110240_aspberget,2012,9
5110240_aspberget,2013,7
5110240_aspberget,2014,7
5110260_ostra_eriksberg,2000,-2
5110260_ostra_eriksberg,2001,-7
5110260_ostra_eriksberg,2002,-11
5110260_ostra_eriksberg,2003,-16
5110260_ostra_eriksberg,2004,-31
5110260_ostra_eriksberg,2005,-31
5110260_ostra_eriksberg,2006,-41
5110260_ostra_eriksberg,2007,-49
5110260_ostra_eriksberg,2008,-51
5110260_ostra_eriksberg,2009,-55
5110260_ostra_eriksberg,2010,-59
5110260_ostra_eriksberg,2011,-63
5110260_ostra_eriksberg,2012,-69
5110260_ostra_eriksberg,2013,-67
5110260_ostra_eriksberg,2014,-77
5110270_vastra_eriksberg,2000,0
5110270_vastra_eriksberg,2001,7
5110270_vastra_eriksberg,2002,12
5110270_vastra_eriksberg,2003,11
5110270_vastra_eriksberg,2004,5
5110270_vastra_eriksberg,2005,1
5110270_vastra_eriksberg,2006,-5
5110270_vastra_eriksberg,2007,-6
5110270_vastra_eriksberg,2008,-15
5110270_vastra_eriksberg,2009,-13
5110270_vastra_eriksberg,2010,-14
5110270_vastra_eriksberg,2011,-11
5110270_vastra_eriksberg,2012,-9
5110270_vastra_eriksberg,2013,-15
5110270_vastra_eriksberg,2014,-12
5110280_tre_kallor,2000,3
5110280_tre_kallor,2001,4
5110280_tre_kallor,2002,5
5110280_tre_kallor,2003,5
5110280_tre_kallor,2004,6
5110280_tre_kallor,2005,8
5110280_tre_kallor,2006,7
5110280_tre_kallor,2007,6
5110280_tre_kallor,2008,5
5110280_tre_kallor,2009,6
5110280_tre_kallor,2010,8
5110280_tre_kallor,2011,12
5110280_tre_kallor,2012,12
5110280_tre_kallor,2013,11
5110280_tre_kallor,2014,12
5110290_sturehov,2000,3
5110290_sturehov,2001,0
5110290_sturehov,2002,3
5110290_sturehov,2003,7
5110290_sturehov,2004,15
5110290_sturehov,2005,37
5110290_sturehov,2006,37
5110290_sturehov,2007,35
5110290_sturehov,2008,33
5110290_sturehov,2009,27
5110290_sturehov,2010,32
5110290_sturehov,2011,33
5110290_sturehov,2012,37
5110290_sturehov,2013,41
5110290_sturehov,2014,48
5110311_krogarvagen_vardshusvagen,2000,9
5110311_krogarvagen_vardshusvagen,2001,4
5110311_krogarvagen_vardshusvagen,2002,1
5110311_krogarvagen_vardshusvagen,2003,-19
5110311_krogarvagen_vardshusvagen,2004,-26
5110311_krogarvagen_vardshusvagen,2005,-40
5110311_krogarvagen_vardshusvagen,2006,-34
5110311_krogarvagen_vardshusvagen,2007,-26
5110311_krogarvagen_vardshusvagen,2008,-39
5110311_krogarvagen_vardshusvagen,2009,-61
5110311_krogarvagen_vardshusvagen,2010,-54
5110311_krogarvagen_vardshusvagen,2011,-72
5110311_krogarvagen_vardshusvagen,2012,-78
5110311_krogarvagen_vardshusvagen,2013,-92
5110311_krogarvagen_vardshusvagen,2014,-102
5110312_forvagen,2000,0
5110312_forvagen,2001,10
5110312_forvagen,2002,5
5110312_forvagen,2003,-5
5110312_forvagen,2004,-11
5110312_forvagen,2005,-27
5110312_forvagen,2006,-41
5110312_forvagen,2007,-44
5110312_forvagen,2008,-63
5110312_forvagen,2009,-76
5110312_forvagen,2010,-91
5110312_forvagen,2011,-101
5110312_forvagen,2012,-94
5110312_forvagen,2013,-104
5110312_forvagen,2014,-106
5110320_fittja_gard,2000,3
5110320_fittja_gard,2001,-3
5110320_fittja_gard,2002,-7
5110320_fittja_gard,2003,-14
5110320_fittja_gard,2004,-9
5110320_fittja_gard,2005,-9
5110320_fittja_gard,2006,-12
5110320_fittja_gard,2007,-16
5110320_fittja_gard,2008,-23
5110320_fittja_gard,2009,-25
5110320_fittja_gard,2010,-31
5110320_fittja_gard,2011,-41
5110320_fittja_gard,2012,-49
5110320_fittja_gard,2013,-37
5110320_fittja_gard,2014,-40
5110410_sodra_hallunda,2000,-5
5110410_sodra_hallunda,2001,5
5110410_sodra_hallunda,2002,0
5110410_sodra_hallunda,2003,-2
5110410_sodra_hallunda,2004,-19
5110410_sodra_hallunda,2005,-18
5110410_sodra_hallunda,2006,-28
5110410_sodra_hallunda,2007,-39
5110410_sodra_hallunda,2008,-55
5110410_sodra_hallunda,2009,-60
5110410_sodra_hallunda,2010,-60
5110410_sodra_hallunda,2011,-51
5110410_sodra_hallunda,2012,-57
5110410_sodra_hallunda,2013,-67
5110410_sodra_hallunda,2014,-84
5110420_slagsta,2000,1
5110420_slagsta,2001,-2
5110420_slagsta,2002,3
5110420_slagsta,2003,8
5110420_slagsta,2004,9
5110420_slagsta,2005,10
5110420_slagsta,2006,5
5110420_slagsta,2007,12
5110420_slagsta,2008,8
5110420_slagsta,2009,7
5110420_slagsta,2010,16
5110420_slagsta,2011,10
5110420_slagsta,2012,16
5110420_slagsta,2013,18
5110420_slagsta,2014,12
5110430_brunna,2000,-7
5110430_brunna,2001,-6
5110430_brunna,2002,-9
5110430_brunna,2003,-9
5110430_brunna,2004,-6
5110430_brunna,2005,-1
5110430_brunna,2006,-6
5110430_brunna,2007,-10
5110430_brunna,2008,-10
5110430_brunna,2009,-7
5110430_brunna,2010,-5
5110430_brunna,2011,-17
5110430_brunna,2012,-19
5110430_brunna,2013,-23
5110430_brunna,2014,-29
5110450_sodra_norsborg,2000,17
5110450_sodra_norsborg,2001,22
5110450_sodra_norsborg,2002,3
5110450_sodra_norsborg,2003,-19
5110450_sodra_norsborg,2004,-34
5110450_sodra_norsborg,2005,-41
5110450_sodra_norsborg,2006,-54
5110450_sodra_norsborg,2007,-47
5110450_sodra_norsborg,2008,-63
5110450_sodra_norsborg,2009,-67
5110450_sodra_norsborg,2010,-85
5110450_sodra_norsborg,2011,-92
5110450_sodra_norsborg,2012,-98
5110450_sodra_norsborg,2013,-115
5110450_sodra_norsborg,2014,-135
5110460_tornbergsfaltet,2000,6
5110460_tornbergsfaltet,2001,1
5110460_tornbergsfaltet,2002,-2
5110460_tornbergsfaltet,2003,2
5110460_tornbergsfaltet,2004,7
5110460_tornbergsfaltet,2005,11
5110460_tornbergsfaltet,2006,2
5110460_tornbergsfaltet,2007,5
5110460_tornbergsfaltet,2008,-1
5110460_tornbergsfaltet,2009,-4
5110460_tornbergsfaltet,2010,-2
5110460_tornbergsfaltet,2011,-12
5110460_tornbergsfaltet,2012,-21
5110460_tornbergsfaltet,2013,-20
5110460_tornbergsfaltet,2014,-13
5110480_nordostra_norsborg,2000,3
5110480_nordostra_norsborg,2001,-4
5110480_nordostra_norsborg,2002,-4
5110480_nordostra_norsborg,2003,-1
5110480_nordostra_norsborg,2004,-1
5110480_nordostra_norsborg,2005,-4
5110480_nordostra_norsborg,2006,-1
5110480_nordostra_norsborg,2007,-1
5110480_nordostra_norsborg,2008,-6
5110480_nordostra_norsborg,2009,-9
5110480_nordostra_norsborg,2010,-12
5110480_nordostra_norsborg,2011,-15
5110480_nordostra_norsborg,2012,-8
5110480_nordostra_norsborg,2013,-8
5110480_nordostra_norsborg,2014,-14
5110490_nordvastra_norsborg,2000,3
5110490_nordvastra_norsborg,2001,6
5110490_nordvastra_norsborg,2002,3
5110490_nordvastra_norsborg,2003,2
5110490_nordvastra_norsborg,2004,2
5110490_nordvastra_norsborg,2005,-1
5110490_nordvastra_norsborg,2006,-4
5110490_nordvastra_norsborg,2007,-11
5110490_nordvastra_norsborg,2008,-14
5110490_nordvastra_norsborg,2009,-14
5110490_nordvastra_norsborg,2010,-7
5110490_nordvastra_norsborg,2011,-4
5110490_nordvastra_norsborg,2012,-7
5110490_nordvastra_norsborg,2013,-11
5110490_nordvastra_norsborg,2014,-15
5120730_tumba_centrum,2000,2
5120730_tumba_centrum,2001,2
5120730_tumba_centrum,2002,0
5120730_tumba_centrum,2003,-9
5120730_tumba_centrum,2004,-26
5120730_tumba_centrum,2005,-36
5120730_tumba_centrum,2006,-46
5120730_tumba_centrum,2007,-62
5120730_tumba_centrum,2008,-65
5120730_tumba_centrum,2009,-87
5120730_tumba_centrum,2010,-86
5120730_tumba_centrum,2011,-87
5120730_tumba_centrum,2012,-85
5120730_tumba_centrum,2013,-93
5120730_tumba_centrum,2014,-89
5120750_segersjo,2000,1
5120750_segersjo,2001,3
5120750_segersjo,2002,-2
5120750_segersjo,2003,0
5120750_segersjo,2004,-7
5120750_segersjo,2005,-11
5120750_segersjo,2006,-15
5120750_segersjo,2007,-17
5120750_segersjo,2008,-11
5120750_segersjo,2009,-18
5120750_segersjo,2010,-27
5120750_segersjo,2011,-30
5120750_segersjo,2012,-29
5120750_segersjo,2013,-41
5120750_segersjo,2014,-40
5120780_tumba_villastad,2000,-8
5120780_tumba_villastad,2001,-4
5120780_tumba_villastad,2002,2
5120780_tumba_villastad,2003,9
5120780_tumba_villastad,2004,10
5120780_tumba_villastad,2005,22
5120780_tumba_villastad,2006,34
5120780_tumba_villastad,2007,42
5120780_tumba_villastad,2008,41
5120780_tumba_villastad,2009,39
5120780_tumba_villastad,2010,40
5120780_tumba_villastad,2011,45
5120780_tumba_villastad,2012,50
5120780_tumba_villastad,2013,59
5120780_tumba_villastad,2014,59
5120790_skacklinge,2000,-5
5120790_skacklinge,2001,11
5120790_skacklinge,2002,31
5120790_skacklinge,2003,45
5120790_skacklinge,2004,48
5120790_skacklinge,2005,64
5120790_skacklinge,2006,77
5120790_skacklinge,2007,82
5120790_skacklinge,2008,77
5120790_skacklinge,2009,63
5120790_skacklinge,2010,71
5120790_skacklinge,2011,72
5120790_skacklinge,2012,65
5120790_skacklinge,2013,78
5120790_skacklinge,2014,77
5120810_storvreten,2000,-5
5120810_storvreten,2001,-22
5120810_storvreten,2002,-21
5120810_storvreten,2003,-59
5120810_storvreten,2004,-69
5120810_storvreten,2005,-93
5120810_storvreten,2006,-135
5120810_storvreten,2007,-160
5120810_storvreten,2008,-184
5120810_storvreten,2009,-212
5120810_storvreten,2010,-228
5120810_storvreten,2011,-231
5120810_storvreten,2012,-250
5120810_storvreten,2013,-271
5120810_storvreten,2014,-289
5120820_blockvagen,2000,3
5120820_blockvagen,2001,0
5120820_blockvagen,2002,3
5120820_blockvagen,2003,6
5120820_blockvagen,2004,3
5120820_blockvagen,2005,6
5120820_blockvagen,2006,9
5120820_blockvagen,2007,6
5120820_blockvagen,2008,9
5120820_blockvagen,2009,9
5120820_blockvagen,2010,7
5120820_blockvagen,2011,10
5120820_blockvagen,2012,13
5120820_blockvagen,2013,16
5120820_blockvagen,2014,16
5120830_grytstigen,2000,0
5120830_grytstigen,2001,6
5120830_grytstigen,2002,3
5120830_grytstigen,2003,7
5120830_grytstigen,2004,7
5120830_grytstigen,2005,14
5120830_grytstigen,2006,11
5120830_grytstigen,2007,12
5120830_grytstigen,2008,12
5120830_grytstigen,2009,12
5120830_grytstigen,2010,12
5120830_grytstigen,2011,18
5120830_grytstigen,2012,11
5120830_grytstigen,2013,12
5120830_grytstigen,2014,13
5120840_vedstigen,2000,0
5120840_vedstigen,2001,-3
5120840_vedstigen,2002,-6
5120840_vedstigen,2003,-6
5120840_vedstigen,2004,-6
5120840_vedstigen,2005,-9
5120840_vedstigen,2006,-9
5120840_vedstigen,2007,-13
5120840_vedstigen,2008,-13
5120840_vedstigen,2009,-13
5120840_vedstigen,2010,-13
5120840_vedstigen,2011,-13
5120840_vedstigen,2012,-10
5120840_vedstigen,2013,-13
5120840_vedstigen,2014,-10
5120910_tumba_bruk,2000,4
5120910_tumba_bruk,2001,10
5120910_tumba_bruk,2002,11
5120910_tumba_bruk,2003,7
5120910_tumba_bruk,2004,6
5120910_tumba_bruk,2005,11
5120910_tumba_bruk,2006,19
5120910_tumba_bruk,2007,20
5120910_tumba_bruk,2008,24
5120910_tumba_bruk,2009,17
5120910_tumba_bruk,2010,12
5120910_tumba_bruk,2011,12
5120910_tumba_bruk,2012,15
5120910_tumba_bruk,2013,21
5120910_tumba_bruk,2014,15
5120920_tumba_glesbygd,2000,3
5120920_tumba_glesbygd,2001,6
5120920_tumba_glesbygd,2002,6
5120920_tumba_glesbygd,2003,12
5120920_tumba_glesbygd,2004,15
5120920_tumba_glesbygd,2005,15
5120920_tumba_glesbygd,2006,23
5120920_tumba_glesbygd,2007,32
5120920_tumba_glesbygd,2008,29
5120920_tumba_glesbygd,2009,26
5120920_tumba_glesbygd,2010,24
5120920_tumba_glesbygd,2011,24
5120920_tumba_glesbygd,2012,27
5120920_tumba_glesbygd,2013,22
5120920_tumba_glesbygd,2014,26
5120930_kommunalhuset,2000,0
5120930_kommunalhuset,2001,-4
5120930_kommunalhuset,2002,0
5120930_kommunalhuset,2003,9
5120930_kommunalhuset,2004,15
5120930_kommunalhuset,2005,32
5120930_kommunalhuset,2006,63
5120930_kommunalhuset,2007,92
5120930_kommunalhuset,2008,103
5120930_kommunalhuset,2009,90
5120930_kommunalhuset,2010,99
5120930_kommunalhuset,2011,81
5120930_kommunalhuset,2012,84
5120930_kommunalhuset,2013,78
5120930_kommunalhuset,2014,74
5120940_tuna,2000,-1
5120940_tuna,2001,1
5120940_tuna,2002,-9
5120940_tuna,2003,-3
5120940_tuna,2004,-6
5120940_tuna,2005,-21
5120940_tuna,2006,-40
5120940_tuna,2007,-51
5120940_tuna,2008,-51
5120940_tuna,2009,-65
5120940_tuna,2010,-74
5120940_tuna,2011,-82
5120940_tuna,2012,-79
5120940_tuna,2013,-70
5120940_tuna,2014,-68
5120950_nackdala,2000,0
5120950_nackdala,2001,3
5120950_nackdala,2002,0
5120950_nackdala,2003,-4
5120950_nackdala,2004,3
5120950_nackdala,2005,3
5120950_nackdala,2006,3
5120950_nackdala,2007,4
5120950_nackdala,2008,7
5120950_nackdala,2009,8
5120950_nackdala,2010,17
5120950_nackdala,2011,23
5120950_nackdala,2012,25
5120950_nackdala,2013,26
5120950_nackdala,2014,26
5120970_loviseberg,2000,3
5120970_loviseberg,2001,0
5120970_loviseberg,2002,0
5120970_loviseberg,2003,-3
5120970_loviseberg,2004,0
5120970_loviseberg,2005,1
5120970_loviseberg,2006,-2
5120970_loviseberg,2007,4
5120970_loviseberg,2008,7
5120970_loviseberg,2009,10
5120970_loviseberg,2010,20
5120970_loviseberg,2011,23
5120970_loviseberg,2012,26
5120970_loviseberg,2013,26
5120970_loviseberg,2014,28
5130810_uttran,2000,2
5130810_uttran,2001,2
5130810_uttran,2002,7
5130810_uttran,2003,3
5130810_uttran,2004,15
5130810_uttran,2005,23
5130810_uttran,2006,19
5130810_uttran,2007,37
5130810_uttran,2008,41
5130810_uttran,2009,45
5130810_uttran,2010,46
5130810_uttran,2011,49
5130810_uttran,2012,52
5130810_uttran,2013,45
5130810_uttran,2014,41
5130820_varsta,2000,6
5130820_varsta,2001,0
5130820_varsta,2002,14
5130820_varsta,2003,28
5130820_varsta,2004,32
5130820_varsta,2005,44
5130820_varsta,2006,43
5130820_varsta,2007,44
5130820_varsta,2008,49
5130820_varsta,2009,49
5130820_varsta,2010,60
5130820_varsta,2011,60
5130820_varsta,2012,59
5130820_varsta,2013,56
5130820_varsta,2014,65
5130830_grodinge_glesbygd,2000,11
5130830_grodinge_glesbygd,2001,11
5130830_grodinge_glesbygd,2002,14
5130830_grodinge_glesbygd,2003,20
5130830_grodinge_glesbygd,2004,23
5130830_grodinge_glesbygd,2005,20
5130830_grodinge_glesbygd,2006,21
5130830_grodinge_glesbygd,2007,30
5130830_grodinge_glesbygd,2008,38
5130830_grodinge_glesbygd,2009,32
5130830_grodinge_glesbygd,2010,30
5130830_grodinge_glesbygd,2011,33
5130830_grodinge_glesbygd,2012,40
5130830_grodinge_glesbygd,2013,39
5130830_grodinge_glesbygd,2014,44
5140110_tullinge_villastad,2000,15
5140110_tullinge_villastad,2001,37
5140110_tullinge_villastad,2002,99
5140110_tullinge_villastad,2003,145
5140110_tullinge_villastad,2004,178
5140110_tullinge_villastad,2005,198
5140110_tullinge_villastad,2006,240
5140110_tullinge_villastad,2007,264
5140110_tullinge_villastad,2008,281
5140110_tullinge_villastad,2009,294
5140110_tullinge_villastad,2010,306
5140110_tullinge_villastad,2011,342
5140110_tullinge_villastad,2012,369
5140110_tullinge_villastad,2013,396
5140110_tullinge_villastad,2014,435
5140620_tullingeberg,2000,-7
5140620_tullingeberg,2001,-2
5140620_tullingeberg,2002,-3
5140620_tullingeberg,2003,-5
5140620_tullingeberg,2004,-6
5140620_tullingeberg,2005,-14
5140620_tullingeberg,2006,-30
5140620_tullingeberg,2007,-39
5140620_tullingeberg,2008,-35
5140620_tullingeberg,2009,-56
5140620_tullingeberg,2010,-68
5140620_tullingeberg,2011,-47
5140620_tullingeberg,2012,-60
5140620_tullingeberg,2013,-64
5140620_tullingeberg,2014,-68
5140641_tullinge_parkhem,2000,20
5140641_tullinge_parkhem,2001,24
5140641_tullinge_parkhem,2002,33
5140641_tullinge_parkhem,2003,37
5140641_tullinge_parkhem,2004,67
5140641_tullinge_parkhem,2005,79
5140641_tullinge_parkhem,2006,75
5140641_tullinge_parkhem,2007,86
5140641_tullinge_parkhem,2008,89
5140641_tullinge_parkhem,2009,103
5140641_tullinge_parkhem,2010,114
5140641_tullinge_parkhem,2011,122
5140641_tullinge_parkhem,2012,144
5140641_tullinge_parkhem,2013,154
5140641_tullinge_parkhem,2014,139
5140642_lanthem_n,2000,2
5140642_lanthem_n,2001,3
5140642_lanthem_n,2002,2
5140642_lanthem_n,2003,4
5140642_lanthem_n,2004,11
5140642_lanthem_n,2005,7
5140642_lanthem_n,2006,8
5140642_lanthem_n,2007,10
5140642_lanthem_n,2008,16
5140642_lanthem_n,2009,25
5140642_lanthem_n,2010,37
5140642_lanthem_n,2011,54
5140642_lanthem_n,2012,55
5140642_lanthem_n,2013,52
5140642_lanthem_n,2014,65
5140650_tullinge_centrum,2000,19
5140650_tullinge_centrum,2001,10
5140650_tullinge_centrum,2002,9
5140650_tullinge_centrum,2003,13
5140650_tullinge_centrum,2004,4
5140650_tullinge_centrum,2005,-3
5140650_tullinge_centrum,2006,7
5140650_tullinge_centrum,2007,6
5140650_tullinge_centrum,2008,10
5140650_tullinge_centrum,2009,17
5140650_tullinge_centrum,2010,24
5140650_tullinge_centrum,2011,22
5140650_tullinge_centrum,2012,17
5140650_tullinge_centrum,2013,15
5140650_tullinge_centrum,2014,54
5140660_banslatt,2000,-5
5140660_banslatt,2001,2
5140660_banslatt,2002,10
5140660_banslatt,2003,26
5140660_banslatt,2004,38
5140660_banslatt,2005,41
5140660_banslatt,2006,49
5140660_banslatt,2007,47
5140660_banslatt,2008,38
5140660_banslatt,2009,37
5140660_banslatt,2010,41
5140660_banslatt,2011,36
5140660_banslatt,2012,35
5140660_banslatt,2013,39
5140660_banslatt,2014,37
5140690_tullinge_glesbygd_riksten,2000,3
5140690_tullinge_glesbygd_riksten,2001,3
5140690_tullinge_glesbygd_riksten,2002,11
5140690_tullinge_glesbygd_riksten,2003,4
5140690_tullinge_glesbygd_riksten,2004,-7
5140690_tullinge_glesbygd_riksten,2005,-9
5140690_tullinge_glesbygd_riksten,2006,-17
5140690_tullinge_glesbygd_riksten,2007,-15
5140690_tullinge_glesbygd_riksten,2008,35
5140690_tullinge_glesbygd_riksten,2009,73
5140690_tullinge_glesbygd_riksten,2010,109
5140690_tullinge_glesbygd_riksten,2011,126
5140690_tullinge_glesbygd_riksten,2012,134
5140690_tullinge_glesbygd_riksten,2013,154
5140690_tullinge_glesbygd_riksten,2014,213
5140711_tullinge_skog,2000,13
5140711_tullinge_skog,2001,25
5140711_tullinge_skog,2002,45
5140711_tullinge_skog,2003,44
5140711_tullinge_skog,2004,47
5140711_tullinge_skog,2005,65
5140711_tullinge_skog,2006,70
5140711_tullinge_skog,2007,82
5140711_tullinge_skog,2008,67
5140711_tullinge_skog,2009,80
5140711_tullinge_skog,2010,84
5140711_tullinge_skog,2011,91
5140711_tullinge_skog,2012,91
5140711_tullinge_skog,2013,102
5140711_tullinge_skog,2014,105
5140712_lanthem_s,2000,0
5140712_lanthem_s,2001,19
5140712_lanthem_s,2002,8
5140712_lanthem_s,2003,9
5140712_lanthem_s,2004,12
5140712_lanthem_s,2005,18
5140712_lanthem_s,2006,23
5140712_lanthem_s,2007,29
5140712_lanthem_s,2008,42
5140712_lanthem_s,2009,43
5140712_lanthem_s,2010,47
5140712_lanthem_s,2011,54
5140712_lanthem_s,2012,60
5140712_lanthem_s,2013,70
5140712_lanthem_s,2014,76
5711010_soderby_garde,2000,2
5711010_soderby_garde,2001,-3
5711010_soderby_garde,2002,-8
5711010_soderby_garde,2003,-15
5711010_soderby_garde,2004,-16
5711010_soderby_garde,2005,-18
5711010_soderby_garde,2006,-10
5711010_soderby_garde,2007,-10
5711010_soderby_garde,2008,-14
5711010_soderby_garde,2009,-20
5711010_soderby_garde,2010,-14
5711010_soderby_garde,2011,-16
5711010_soderby_garde,2012,-18
5711010_soderby_garde,2013,-26
5711010_soderby_garde,2014,-26
5711020_soderby_park,2000,0
5711020_soderby_park,2001,0
5711020_soderby_park,2002,-6
5711020_soderby_park,2003,-13
5711020_soderby_park,2004,-13
5711020_soderby_park,2005,4
5711020_soderby_park,2006,36
5711020_soderby_park,2007,81
5711020_soderby_park,2008,100
5711020_soderby_park,2009,102
5711020_soderby_park,2010,101
5711020_soderby_park,2011,104
5711020_soderby_park,2012,110
5711020_soderby_park,2013,119
5711020_soderby_park,2014,120
5711110_skyttorp,2000,2
5711110_skyttorp,2001,-1
5711110_skyttorp,2002,0
5711110_skyttorp,2003,0
5711110_skyttorp,2004,-2
5711110_skyttorp,2005,-5
5711110_skyttorp,2006,1
5711110_skyttorp,2007,2
5711110_skyttorp,2008,8
5711110_skyttorp,2009,6
5711110_skyttorp,2010,13
5711110_skyttorp,2011,31
5711110_skyttorp,2012,35
5711110_skyttorp,2013,39
5711110_skyttorp,2014,33
5711120_skogsang,2000,2
5711120_skogsang,2001,-4
5711120_skogsang,2002,-9
5711120_skogsang,2003,-2
5711120_skogsang,2004,1
5711120_skogsang,2005,3
5711120_skogsang,2006,2
5711120_skogsang,2007,0
5711120_skogsang,2008,-4
5711120_skogsang,2009,-4
5711120_skogsang,2010,-1
5711120_skogsang,2011,0
5711120_skogsang,2012,15
5711120_skogsang,2013,15
5711120_skogsang,2014,13
5711130_soderby,2000,-2
5711130_soderby,2001,-5
5711130_soderby,2002,-1
5711130_soderby,2003,6
5711130_soderby,2004,3
5711130_soderby,2005,7
5711130_soderby,2006,8
5711130_soderby,2007,10
5711130_soderby,2008,13
5711130_soderby,2009,15
5711130_soderby,2010,20
5711130_soderby,2011,17
5711130_soderby,2012,14
5711130_soderby,2013,29
5711130_soderby,2014,35
5711200_salems_centrum,2000,5
5711200_salems_centrum,2001,-1
5711200_salems_centrum,2002,-2
5711200_salems_centrum,2003,-10
5711200_salems_centrum,2004,-18
5711200_salems_centrum,2005,-37
5711200_salems_centrum,2006,-41
5711200_salems_centrum,2007,-52
5711200_salems_centrum,2008,-60
5711200_salems_centrum,2009,-73
5711200_salems_centrum,2010,-80
5711200_salems_centrum,2011,-69
5711200_salems_centrum,2012,-66
5711200_salems_centrum,2013,-63
5711200_salems_centrum,2014,-79
5712110_norra_ronninge,2000,11
5712110_norra_ronninge,2001,22
5712110_norra_ronninge,2002,23
5712110_norra_ronninge,2003,49
5712110_norra_ronninge,2004,64
5712110_norra_ronninge,2005,79
5712110_norra_ronninge,2006,82
5712110_norra_ronninge,2007,91
5712110_norra_ronninge,2008,90
5712110_norra_ronninge,2009,102
5712110_norra_ronninge,2010,104
5712110_norra_ronninge,2011,107
5712110_norra_ronninge,2012,114
5712110_norra_ronninge,2013,129
5712110_norra_ronninge,2014,143
5712210_uttringe,2000,3
5712210_uttringe,2001,6
5712210_uttringe,2002,1
5712210_uttringe,2003,9
5712210_uttringe,2004,1
5712210_uttringe,2005,12
5712210_uttringe,2006,11
5712210_uttringe,2007,34
5712210_uttringe,2008,36
5712210_uttringe,2009,45
5712210_uttringe,2010,51
5712210_uttringe,2011,52
5712210_uttringe,2012,57
5712210_uttringe,2013,61
5712210_uttringe,2014,67
5712220_ostra_ronninge,2000,4
5712220_ostra_ronninge,2001,17
5712220_ostra_ronninge,2002,39
5712220_ostra_ronninge,2003,51
5712220_ostra_ronninge,2004,66
5712220_ostra_ronninge,2005,104
5712220_ostra_ronninge,2006,137
5712220_ostra_ronninge,2007,148
5712220_ostra_ronninge,2008,157
5712220_ostra_ronninge,2009,155
5712220_ostra_ronninge,2010,155
5712220_ostra_ronninge,2011,154
5712220_ostra_ronninge,2012,169
5712220_ostra_ronninge,2013,168
5712220_ostra_ronninge,2014,190
5712300_ronninge_centrum,2000,25
5712300_ronninge_centrum,2001,13
5712300_ronninge_centrum,2002,11
5712300_ronninge_centrum,2003,15
5712300_ronninge_centrum,2004,8
5712300_ronninge_centrum,2005,11
5712300_ronninge_centrum,2006,10
5712300_ronninge_centrum,2007,6
5712300_ronninge_centrum,2008,0
5712300_ronninge_centrum,2009,5
5712300_ronninge_centrum,2010,7
5712300_ronninge_centrum,2011,5
5712300_ronninge_centrum,2012,7
5712300_ronninge_centrum,2013,2
5712300_ronninge_centrum,2014,12
5713000_salems_glesbygd,2000,0
5713000_salems_glesbygd,2001,0
5713000_salems_glesbygd,2002,6
5713000_salems_glesbygd,2003,-1
5713000_salems_glesbygd,2004,-1
5713000_salems_glesbygd,2005,6
5713000_salems_glesbygd,2006,3
5713000_salems_glesbygd,2007,0
5713000_salems_glesbygd,2008,3
5713000_salems_glesbygd,2009,3
5713000_salems_glesbygd,2010,2
5713000_salems_glesbygd,2011,2
5713000_salems_glesbygd,2012,2
5713000_salems_glesbygd,2013,5
5713000_salems_glesbygd,2014,5
5211120_gudo,2000,18
5211120_gudo,2001,29
5211120_gudo,2002,33
5211120_gudo,2003,38
5211120_gudo,2004,45
5211120_gudo,2005,67
5211120_gudo,2006,76
5211120_gudo,2007,85
5211120_gudo,2008,92
5211120_gudo,2009,104
5211120_gudo,2010,114
5211120_gudo,2011,116
5211120_gudo,2012,123
5211120_gudo,2013,142
5211120_gudo,2014,157
5211131_sodra_vendelso,2000,5
5211131_sodra_vendelso,2001,19
5211131_sodra_vendelso,2002,22
5211131_sodra_vendelso,2003,16
5211131_sodra_vendelso,2004,16
5211131_sodra_vendelso,2005,2
5211131_sodra_vendelso,2006,0
5211131_sodra_vendelso,2007,11
5211131_sodra_vendelso,2008,7
5211131_sodra_vendelso,2009,24
5211131_sodra_vendelso,2010,24
5211131_sodra_vendelso,2011,30
5211131_sodra_vendelso,2012,40
5211131_sodra_vendelso,2013,32
5211131_sodra_vendelso,2014,52
5211132_sagen,2000,-3
5211132_sagen,2001,-12
5211132_sagen,2002,-9
5211132_sagen,2003,-14
5211132_sagen,2004,-7
5211132_sagen,2005,-17
5211132_sagen,2006,-29
5211132_sagen,2007,-33
5211132_sagen,2008,-35
5211132_sagen,2009,-38
5211132_sagen,2010,-40
5211132_sagen,2011,-45
5211132_sagen,2012,-54
5211132_sagen,2013,-59
5211132_sagen,2014,-48
5211140_norra_vendelso,2000,18
5211140_norra_vendelso,2001,26
5211140_norra_vendelso,2002,34
5211140_norra_vendelso,2003,34
5211140_norra_vendelso,2004,53
5211140_norra_vendelso,2005,60
5211140_norra_vendelso,2006,58
5211140_norra_vendelso,2007,59
5211140_norra_vendelso,2008,57
5211140_norra_vendelso,2009,55
5211140_norra_vendelso,2010,55
5211140_norra_vendelso,2011,74
5211140_norra_vendelso,2012,77
5211140_norra_vendelso,2013,77
5211140_norra_vendelso,2014,90
5211150_dalen,2000,17
5211150_dalen,2001,24
5211150_dalen,2002,29
5211150_dalen,2003,39
5211150_dalen,2004,42
5211150_dalen,2005,47
5211150_dalen,2006,43
5211150_dalen,2007,39
5211150_dalen,2008,45
5211150_dalen,2009,59
5211150_dalen,2010,65
5211150_dalen,2011,79
5211150_dalen,2012,89
5211150_dalen,2013,106
5211150_dalen,2014,140
5211210_vendelsomalm,2000,3
5211210_vendelsomalm,2001,-1
5211210_vendelsomalm,2002,23
5211210_vendelsomalm,2003,26
5211210_vendelsomalm,2004,29
5211210_vendelsomalm,2005,35
5211210_vendelsomalm,2006,47
5211210_vendelsomalm,2007,59
5211210_vendelsomalm,2008,57
5211210_vendelsomalm,2009,47
5211210_vendelsomalm,2010,60
5211210_vendelsomalm,2011,75
5211210_vendelsomalm,2012,56
5211210_vendelsomalm,2013,57
5211210_vendelsomalm,2014,56
5211220_eriksberg,2000,3
5211220_eriksberg,2001,0
5211220_eriksberg,2002,0
5211220_eriksberg,2003,-4
5211220_eriksberg,2004,-2
5211220_eriksberg,2005,-9
5211220_eriksberg,2006,-11
5211220_eriksberg,2007,-21
5211220_eriksberg,2008,-19
5211220_eriksberg,2009,-23
5211220_eriksberg,2010,-25
5211220_eriksberg,2011,-19
5211220_eriksberg,2012,-22
5211220_eriksberg,2013,-31
5211220_eriksberg,2014,-28
5211230_ramsdalen,2000,8
5211230_ramsdalen,2001,1
5211230_ramsdalen,2002,-3
5211230_ramsdalen,2003,4
5211230_ramsdalen,2004,5
5211230_ramsdalen,2005,-6
5211230_ramsdalen,2006,-12
5211230_ramsdalen,2007,-2
5211230_ramsdalen,2008,12
5211230_ramsdalen,2009,10
5211230_ramsdalen,2010,10
5211230_ramsdalen,2011,15
5211230_ramsdalen,2012,16
5211230_ramsdalen,2013,11
5211230_ramsdalen,2014,15
5211320_brandbergens_industriomr,2000,1
5211320_brandbergens_industriomr,2001,1
5211320_brandbergens_industriomr,2002,0
5211320_brandbergens_industriomr,2003,7
5211320_brandbergens_industriomr,2004,4
5211320_brandbergens_industriomr,2005,-2
5211320_brandbergens_industriomr,2006,2
5211320_brandbergens_industriomr,2007,0
5211320_brandbergens_industriomr,2008,-2
5211320_brandbergens_industriomr,2009,-5
5211320_brandbergens_industriomr,2010,-7
5211320_brandbergens_industriomr,2011,-14
5211320_brandbergens_industriomr,2012,-18
5211320_brandbergens_industriomr,2013,-15
5211320_brandbergens_industriomr,2014,-5
5211330_brandbergen_flerbost_hus,2000,17
5211330_brandbergen_flerbost_hus,2001,15
5211330_brandbergen_flerbost_hus,2002,-3
5211330_brandbergen_flerbost_hus,2003,-15
5211330_brandbergen_flerbost_hus,2004,-56
5211330_brandbergen_flerbost_hus,2005,-81
5211330_brandbergen_flerbost_hus,2006,-94
5211330_brandbergen_flerbost_hus,2007,-128
5211330_brandbergen_flerbost_hus,2008,-177
5211330_brandbergen_flerbost_hus,2009,-217
5211330_brandbergen_flerbost_hus,2010,-235
5211330_brandbergen_flerbost_hus,2011,-240
5211330_brandbergen_flerbost_hus,2012,-257
5211330_brandbergen_flerbost_hus,2013,-263
5211330_brandbergen_flerbost_hus,2014,-294
5211340_brandbergen_smahus,2000,-3
5211340_brandbergen_smahus,2001,1
5211340_brandbergen_smahus,2002,18
5211340_brandbergen_smahus,2003,3
5211340_brandbergen_smahus,2004,7
5211340_brandbergen_smahus,2005,9
5211340_brandbergen_smahus,2006,7
5211340_brandbergen_smahus,2007,4
5211340_brandbergen_smahus,2008,19
5211340_brandbergen_smahus,2009,15
5211340_brandbergen_smahus,2010,17
5211340_brandbergen_smahus,2011,16
5211340_brandbergen_smahus,2012,26
5211340_brandbergen_smahus,2013,29
5211340_brandbergen_smahus,2014,28
5211430_kolartorp,2000,-7
5211430_kolartorp,2001,-1
5211430_kolartorp,2002,7
5211430_kolartorp,2003,10
5211430_kolartorp,2004,7
5211430_kolartorp,2005,8
5211430_kolartorp,2006,5
5211430_kolartorp,2007,8
5211430_kolartorp,2008,15
5211430_kolartorp,2009,7
5211430_kolartorp,2010,14
5211430_kolartorp,2011,13
5211430_kolartorp,2012,10
5211430_kolartorp,2013,7
5211430_kolartorp,2014,14
5211440_vega_vega_soderhagen,2000,3
5211440_vega_vega_soderhagen,2001,14
5211440_vega_vega_soderhagen,2002,21
5211440_vega_vega_soderhagen,2003,25
5211440_vega_vega_soderhagen,2004,35
5211440_vega_vega_soderhagen,2005,40
5211440_vega_vega_soderhagen,2006,62
5211440_vega_vega_soderhagen,2007,72
5211440_vega_vega_soderhagen,2008,79
5211440_vega_vega_soderhagen,2009,90
5211440_vega_vega_soderhagen,2010,105
5211440_vega_vega_soderhagen,2011,105
5211440_vega_vega_soderhagen,2012,116
5211440_vega_vega_soderhagen,2013,119
5211440_vega_vega_soderhagen,2014,139
5211450_kvarntorp_kvarntorp_v_gamla_nynasvagen,2000,1
5211450_kvarntorp_kvarntorp_v_gamla_nynasvagen,2001,3
5211450_kvarntorp_kvarntorp_v_gamla_nynasvagen,2002,6
5211450_kvarntorp_kvarntorp_v_gamla_nynasvagen,2003,9
5211450_kvarntorp_kvarntorp_v_gamla_nynasvagen,2004,9
5211450_kvarntorp_kvarntorp_v_gamla_nynasvagen,2005,12
5211450_kvarntorp_kvarntorp_v_gamla_nynasvagen,2006,11
5211450_kvarntorp_kvarntorp_v_gamla_nynasvagen,2007,8
5211450_kvarntorp_kvarntorp_v_gamla_nynasvagen,2008,12
5211450_kvarntorp_kvarntorp_v_gamla_nynasvagen,2009,9
5211450_kvarntorp_kvarntorp_v_gamla_nynasvagen,2010,5
5211450_kvarntorp_kvarntorp_v_gamla_nynasvagen,2011,5
5211450_kvarntorp_kvarntorp_v_gamla_nynasvagen,2012,11
5211450_kvarntorp_kvarntorp_v_gamla_nynasvagen,2013,17
5211450_kvarntorp_kvarntorp_v_gamla_nynasvagen,2014,39
5211511_haninge_centrum,2000,-1
5211511_haninge_centrum,2001,0
5211511_haninge_centrum,2002,-6
5211511_haninge_centrum,2003,-17
5211511_haninge_centrum,2004,-19
5211511_haninge_centrum,2005,-23
5211511_haninge_centrum,2006,-36
5211511_haninge_centrum,2007,-42
5211511_haninge_centrum,2008,-41
5211511_haninge_centrum,2009,-47
5211511_haninge_centrum,2010,-48
5211511_haninge_centrum,2011,-39
5211511_haninge_centrum,2012,-48
5211511_haninge_centrum,2013,-33
5211511_haninge_centrum,2014,-49
5211512_vastra_handen,2000,8
5211512_vastra_handen,2001,22
5211512_vastra_handen,2002,18
5211512_vastra_handen,2003,9
5211512_vastra_handen,2004,0
5211512_vastra_handen,2005,-1
5211512_vastra_handen,2006,-26
5211512_vastra_handen,2007,-40
5211512_vastra_handen,2008,-37
5211512_vastra_handen,2009,-53
5211512_vastra_handen,2010,-60
5211512_vastra_handen,2011,-60
5211512_vastra_handen,2012,-67
5211512_vastra_handen,2013,-63
5211512_vastra_handen,2014,-67
5211520_norra_handen,2000,0
5211520_norra_handen,2001,5
5211520_norra_handen,2002,2
5211520_norra_handen,2003,4
5211520_norra_handen,2004,7
5211520_norra_handen,2005,14
5211520_norra_handen,2006,18
5211520_norra_handen,2007,15
5211520_norra_handen,2008,18
5211520_norra_handen,2009,21
5211520_norra_handen,2010,22
5211520_norra_handen,2011,26
5211520_norra_handen,2012,18
5211520_norra_handen,2013,24
5211520_norra_handen,2014,28
5211540_valla,2000,5
5211540_valla,2001,5
5211540_valla,2002,16
5211540_valla,2003,11
5211540_valla,2004,-26
5211540_valla,2005,-54
5211540_valla,2006,-72
5211540_valla,2007,-117
5211540_valla,2008,-148
5211540_valla,2009,-173
5211540_valla,2010,-207
5211540_valla,2011,-216
5211540_valla,2012,-239
5211540_valla,2013,-270
5211540_valla,2014,-305
5211550_sodra_handen,2000,-1
5211550_sodra_handen,2001,-8
5211550_sodra_handen,2002,-16
5211550_sodra_handen,2003,-21
5211550_sodra_handen,2004,-34
5211550_sodra_handen,2005,-34
5211550_sodra_handen,2006,-30
5211550_sodra_handen,2007,-23
5211550_sodra_handen,2008,-31
5211550_sodra_handen,2009,-22
5211550_sodra_handen,2010,-25
5211550_sodra_handen,2011,-35
5211550_sodra_handen,2012,28
5211550_sodra_handen,2013,28
5211550_sodra_handen,2014,21
5211610_jordbro_flerbostadshus,2000,0
5211610_jordbro_flerbostadshus,2001,-15
5211610_jordbro_flerbostadshus,2002,-41
5211610_jordbro_flerbostadshus,2003,-50
5211610_jordbro_flerbostadshus,2004,-78
5211610_jordbro_flerbostadshus,2005,-115
5211610_jordbro_flerbostadshus,2006,-132
5211610_jordbro_flerbostadshus,2007,-143
5211610_jordbro_flerbostadshus,2008,-150
5211610_jordbro_flerbostadshus,2009,-176
5211610_jordbro_flerbostadshus,2010,-193
5211610_jordbro_flerbostadshus,2011,-214
5211610_jordbro_flerbostadshus,2012,-248
5211610_jordbro_flerbostadshus,2013,-274
5211610_jordbro_flerbostadshus,2014,-312
5211620_jordbro_smahus,2000,4
5211620_jordbro_smahus,2001,1
5211620_jordbro_smahus,2002,2
5211620_jordbro_smahus,2003,10
5211620_jordbro_smahus,2004,6
5211620_jordbro_smahus,2005,10
5211620_jordbro_smahus,2006,17
5211620_jordbro_smahus,2007,18
5211620_jordbro_smahus,2008,21
5211620_jordbro_smahus,2009,9
5211620_jordbro_smahus,2010,9
5211620_jordbro_smahus,2011,9
5211620_jordbro_smahus,2012,-2
5211620_jordbro_smahus,2013,-1
5211620_jordbro_smahus,2014,-7
5211710_norrby,2000,0
5211710_norrby,2001,0
5211710_norrby,2002,-3
5211710_norrby,2003,-3
5211710_norrby,2004,0
5211710_norrby,2005,7
5211710_norrby,2006,7
5211710_norrby,2007,7
5211710_norrby,2008,7
5211710_norrby,2009,9
5211710_norrby,2010,9
5211710_norrby,2011,9
5211710_norrby,2012,9
5211710_norrby,2013,3
5211710_norrby,2014,6
5211800_norra_soderby,2000,4
5211800_norra_soderby,2001,7
5211800_norra_soderby,2002,11
5211800_norra_soderby,2003,17
5211800_norra_soderby,2004,15
5211800_norra_soderby,2005,16
5211800_norra_soderby,2006,8
5211800_norra_soderby,2007,16
5211800_norra_soderby,2008,24
5211800_norra_soderby,2009,16
5211800_norra_soderby,2010,16
5211800_norra_soderby,2011,25
5211800_norra_soderby,2012,28
5211800_norra_soderby,2013,42
5211800_norra_soderby,2014,39
5211920_galo_sandemar,2000,-3
5211920_galo_sandemar,2001,-3
5211920_galo_sandemar,2002,-3
5211920_galo_sandemar,2003,0
5211920_galo_sandemar,2004,3
5211920_galo_sandemar,2005,0
5211920_galo_sandemar,2006,0
5211920_galo_sandemar,2007,-3
5211920_galo_sandemar,2008,0
5211920_galo_sandemar,2009,-3
5211920_galo_sandemar,2010,-2
5211920_galo_sandemar,2011,3
5211920_galo_sandemar,2012,3
5211920_galo_sandemar,2013,6
5211920_galo_sandemar,2014,6
5211930_tyresta,2000,6
5211930_tyresta,2001,9
5211930_tyresta,2002,9
5211930_tyresta,2003,6
5211930_tyresta,2004,6
5211930_tyresta,2005,12
5211930_tyresta,2006,12
5211930_tyresta,2007,12
5211930_tyresta,2008,12
5211930_tyresta,2009,15
5211930_tyresta,2010,14
5211930_tyresta,2011,11
5211930_tyresta,2012,14
5211930_tyresta,2013,14
5211930_tyresta,2014,14
5211940_osterhaninge_kyrka,2000,3
5211940_osterhaninge_kyrka,2001,4
5211940_osterhaninge_kyrka,2002,1
5211940_osterhaninge_kyrka,2003,9
5211940_osterhaninge_kyrka,2004,16
5211940_osterhaninge_kyrka,2005,17
5211940_osterhaninge_kyrka,2006,17
5211940_osterhaninge_kyrka,2007,20
5211940_osterhaninge_kyrka,2008,21
5211940_osterhaninge_kyrka,2009,25
5211940_osterhaninge_kyrka,2010,27
5211940_osterhaninge_kyrka,2011,29
5211940_osterhaninge_kyrka,2012,37
5211940_osterhaninge_kyrka,2013,29
5211940_osterhaninge_kyrka,2014,34
5211950_arsta_havsbad_o,2000,3
5211950_arsta_havsbad_o,2001,4
5211950_arsta_havsbad_o,2002,7
5211950_arsta_havsbad_o,2003,4
5211950_arsta_havsbad_o,2004,1
5211950_arsta_havsbad_o,2005,-2
5211950_arsta_havsbad_o,2006,1
5211950_arsta_havsbad_o,2007,1
5211950_arsta_havsbad_o,2008,1
5211950_arsta_havsbad_o,2009,5
5211950_arsta_havsbad_o,2010,6
5211950_arsta_havsbad_o,2011,4
5211950_arsta_havsbad_o,2012,4
5211950_arsta_havsbad_o,2013,4
5211950_arsta_havsbad_o,2014,10
5222100_dalaro,2000,4
5222100_dalaro,2001,13
5222100_dalaro,2002,22
5222100_dalaro,2003,28
5222100_dalaro,2004,36
5222100_dalaro,2005,50
5222100_dalaro,2006,58
5222100_dalaro,2007,64
5222100_dalaro,2008,66
5222100_dalaro,2009,65
5222100_dalaro,2010,58
5222100_dalaro,2011,64
5222100_dalaro,2012,63
5222100_dalaro,2013,64
5222100_dalaro,2014,61
5222500_smadalaro,2000,6
5222500_smadalaro,2001,6
5222500_smadalaro,2002,9
5222500_smadalaro,2003,15
5222500_smadalaro,2004,21
5222500_smadalaro,2005,26
5222500_smadalaro,2006,28
5222500_smadalaro,2007,31
5222500_smadalaro,2008,26
5222500_smadalaro,2009,29
5222500_smadalaro,2010,30
5222500_smadalaro,2011,33
5222500_smadalaro,2012,36
5222500_smadalaro,2013,33
5222500_smadalaro,2014,30
5233000_uto,2000,-3
5233000_uto,2001,-3
5233000_uto,2002,-3
5233000_uto,2003,-3
5233000_uto,2004,-6
5233000_uto,2005,-9
5233000_uto,2006,-9
5233000_uto,2007,-9
5233000_uto,2008,-9
5233000_uto,2009,-12
5233000_uto,2010,-10
5233000_uto,2011,-13
5233000_uto,2012,-10
5233000_uto,2013,-13
5233000_uto,2014,-13
5240000_orno_forsamling,2000,-3
5240000_orno_forsamling,2001,0
5240000_orno_forsamling,2002,3
5240000_orno_forsamling,2003,6
5240000_orno_forsamling,2004,6
5240000_orno_forsamling,2005,6
5240000_orno_forsamling,2006,12
5240000_orno_forsamling,2007,18
5240000_orno_forsamling,2008,21
5240000_orno_forsamling,2009,27
5240000_orno_forsamling,2010,27
5240000_orno_forsamling,2011,30
5240000_orno_forsamling,2012,38
5240000_orno_forsamling,2013,32
5240000_orno_forsamling,2014,32
5255110_aby,2000,-4
5255110_aby,2001,8
5255110_aby,2002,-21
5255110_aby,2003,-26
5255110_aby,2004,-44
5255110_aby,2005,-68
5255110_aby,2006,-80
5255110_aby,2007,-90
5255110_aby,2008,-107
5255110_aby,2009,-118
5255110_aby,2010,-116
5255110_aby,2011,-102
5255110_aby,2012,-83
5255110_aby,2013,-88
5255110_aby,2014,-82
5255121_jagartorp,2000,3
5255121_jagartorp,2001,12
5255121_jagartorp,2002,14
5255121_jagartorp,2003,10
5255121_jagartorp,2004,10
5255121_jagartorp,2005,12
5255121_jagartorp,2006,9
5255121_jagartorp,2007,8
5255121_jagartorp,2008,4
5255121_jagartorp,2009,13
5255121_jagartorp,2010,13
5255121_jagartorp,2011,18
5255121_jagartorp,2012,15
5255121_jagartorp,2013,24
5255121_jagartorp,2014,29
5255130_vasterhaninge_kyrka,2000,-3
5255130_vasterhaninge_kyrka,2001,-3
5255130_vasterhaninge_kyrka,2002,-3
5255130_vasterhaninge_kyrka,2003,3
5255130_vasterhaninge_kyrka,2004,3
5255130_vasterhaninge_kyrka,2005,3
5255130_vasterhaninge_kyrka,2006,25
5255130_vasterhaninge_kyrka,2007,26
5255130_vasterhaninge_kyrka,2008,32
5255130_vasterhaninge_kyrka,2009,37
5255130_vasterhaninge_kyrka,2010,36
5255130_vasterhaninge_kyrka,2011,29
5255130_vasterhaninge_kyrka,2012,32
5255130_vasterhaninge_kyrka,2013,64
5255130_vasterhaninge_kyrka,2014,99
5255140_ribby,2000,-1
5255140_ribby,2001,1
5255140_ribby,2002,7
5255140_ribby,2003,-2
5255140_ribby,2004,-3
5255140_ribby,2005,-1
5255140_ribby,2006,-9
5255140_ribby,2007,-25
5255140_ribby,2008,-20
5255140_ribby,2009,-21
5255140_ribby,2010,-22
5255140_ribby,2011,-23
5255140_ribby,2012,-29
5255140_ribby,2013,-29
5255140_ribby,2014,-33
5255150_nedersta_nodesta,2000,1
5255150_nedersta_nodesta,2001,2
5255150_nedersta_nodesta,2002,1
5255150_nedersta_nodesta,2003,3
5255150_nedersta_nodesta,2004,10
5255150_nedersta_nodesta,2005,-2
5255150_nedersta_nodesta,2006,-6
5255150_nedersta_nodesta,2007,-6
5255150_nedersta_nodesta,2008,-11
5255150_nedersta_nodesta,2009,-10
5255150_nedersta_nodesta,2010,-17
5255150_nedersta_nodesta,2011,-11
5255150_nedersta_nodesta,2012,-2
5255150_nedersta_nodesta,2013,1
5255150_nedersta_nodesta,2014,3
5255210_norra_tungelsta,2000,-2
5255210_norra_tungelsta,2001,-4
5255210_norra_tungelsta,2002,-1
5255210_norra_tungelsta,2003,6
5255210_norra_tungelsta,2004,17
5255210_norra_tungelsta,2005,12
5255210_norra_tungelsta,2006,13
5255210_norra_tungelsta,2007,28
5255210_norra_tungelsta,2008,50
5255210_norra_tungelsta,2009,61
5255210_norra_tungelsta,2010,65
5255210_norra_tungelsta,2011,69
5255210_norra_tungelsta,2012,80
5255210_norra_tungelsta,2013,75
5255210_norra_tungelsta,2014,82
5255220_sodra_tungelsta,2000,-2
5255220_sodra_tungelsta,2001,3
5255220_sodra_tungelsta,2002,5
5255220_sodra_tungelsta,2003,8
5255220_sodra_tungelsta,2004,13
5255220_sodra_tungelsta,2005,10
5255220_sodra_tungelsta,2006,10
5255220_sodra_tungelsta,2007,9
5255220_sodra_tungelsta,2008,12
5255220_sodra_tungelsta,2009,11
5255220_sodra_tungelsta,2010,9
5255220_sodra_tungelsta,2011,7
5255220_sodra_tungelsta,2012,13
5255220_sodra_tungelsta,2013,19
5255220_sodra_tungelsta,2014,19
5255910_vasterhaninge_glesbygd_n,2000,-3
5255910_vasterhaninge_glesbygd_n,2001,3
5255910_vasterhaninge_glesbygd_n,2002,6
5255910_vasterhaninge_glesbygd_n,2003,3
5255910_vasterhaninge_glesbygd_n,2004,-1
5255910_vasterhaninge_glesbygd_n,2005,2
5255910_vasterhaninge_glesbygd_n,2006,5
5255910_vasterhaninge_glesbygd_n,2007,7
5255910_vasterhaninge_glesbygd_n,2008,11
5255910_vasterhaninge_glesbygd_n,2009,12
5255910_vasterhaninge_glesbygd_n,2010,12
5255910_vasterhaninge_glesbygd_n,2011,15
5255910_vasterhaninge_glesbygd_n,2012,12
5255910_vasterhaninge_glesbygd_n,2013,17
5255910_vasterhaninge_glesbygd_n,2014,20
5255920_vasterhaninge_glesbygd_s,2000,6
5255920_vasterhaninge_glesbygd_s,2001,17
5255920_vasterhaninge_glesbygd_s,2002,8
5255920_vasterhaninge_glesbygd_s,2003,12
5255920_vasterhaninge_glesbygd_s,2004,11
5255920_vasterhaninge_glesbygd_s,2005,18
5255920_vasterhaninge_glesbygd_s,2006,20
5255920_vasterhaninge_glesbygd_s,2007,18
5255920_vasterhaninge_glesbygd_s,2008,14
5255920_vasterhaninge_glesbygd_s,2009,17
5255920_vasterhaninge_glesbygd_s,2010,13
5255920_vasterhaninge_glesbygd_s,2011,8
5255920_vasterhaninge_glesbygd_s,2012,9
5255920_vasterhaninge_glesbygd_s,2013,7
5255920_vasterhaninge_glesbygd_s,2014,1
5255930_arsta_havsbad_v_berga,2000,0
5255930_arsta_havsbad_v_berga,2001,0
5255930_arsta_havsbad_v_berga,2002,6
5255930_arsta_havsbad_v_berga,2003,6
5255930_arsta_havsbad_v_berga,2004,10
5255930_arsta_havsbad_v_berga,2005,13
5255930_arsta_havsbad_v_berga,2006,13
5255930_arsta_havsbad_v_berga,2007,13
5255930_arsta_havsbad_v_berga,2008,13
5255930_arsta_havsbad_v_berga,2009,13
5255930_arsta_havsbad_v_berga,2010,10
5255930_arsta_havsbad_v_berga,2011,13
5255930_arsta_havsbad_v_berga,2012,10
5255930_arsta_havsbad_v_berga,2013,10
5255930_arsta_havsbad_v_berga,2014,16
5260000_musko_forsamling,2000,2
5260000_musko_forsamling,2001,2
5260000_musko_forsamling,2002,9
5260000_musko_forsamling,2003,10
5260000_musko_forsamling,2004,7
5260000_musko_forsamling,2005,8
5260000_musko_forsamling,2006,2
5260000_musko_forsamling,2007,0
5260000_musko_forsamling,2008,-3
5260000_musko_forsamling,2009,0
5260000_musko_forsamling,2010,2
5260000_musko_forsamling,2011,-1
5260000_musko_forsamling,2012,-2
5260000_musko_forsamling,2013,-1
5260000_musko_forsamling,2014,-1
5511000_vastra_trollbacken,2000,20
5511000_vastra_trollbacken,2001,30
5511000_vastra_trollbacken,2002,26
5511000_vastra_trollbacken,2003,15
5511000_vastra_trollbacken,2004,16
5511000_vastra_trollbacken,2005,37
5511000_vastra_trollbacken,2006,54
5511000_vastra_trollbacken,2007,96
5511000_vastra_trollbacken,2008,126
5511000_vastra_trollbacken,2009,134
5511000_vastra_trollbacken,2010,164
5511000_vastra_trollbacken,2011,172
5511000_vastra_trollbacken,2012,195
5511000_vastra_trollbacken,2013,218
5511000_vastra_trollbacken,2014,242
5511120_centrala_trollbacken,2000,-3
5511120_centrala_trollbacken,2001,1
5511120_centrala_trollbacken,2002,1
5511120_centrala_trollbacken,2003,3
5511120_centrala_trollbacken,2004,-5
5511120_centrala_trollbacken,2005,-1
5511120_centrala_trollbacken,2006,10
5511120_centrala_trollbacken,2007,10
5511120_centrala_trollbacken,2008,12
5511120_centrala_trollbacken,2009,25
5511120_centrala_trollbacken,2010,33
5511120_centrala_trollbacken,2011,42
5511120_centrala_trollbacken,2012,43
5511120_centrala_trollbacken,2013,56
5511120_centrala_trollbacken,2014,75
5511130_sodergarden,2000,13
5511130_sodergarden,2001,28
5511130_sodergarden,2002,36
5511130_sodergarden,2003,28
5511130_sodergarden,2004,35
5511130_sodergarden,2005,40
5511130_sodergarden,2006,31
5511130_sodergarden,2007,34
5511130_sodergarden,2008,35
5511130_sodergarden,2009,53
5511130_sodergarden,2010,57
5511130_sodergarden,2011,57
5511130_sodergarden,2012,74
5511130_sodergarden,2013,87
5511130_sodergarden,2014,95
5511140_skalsatra,2000,4
5511140_skalsatra,2001,14
5511140_skalsatra,2002,17
5511140_skalsatra,2003,10
5511140_skalsatra,2004,14
5511140_skalsatra,2005,25
5511140_skalsatra,2006,45
5511140_skalsatra,2007,55
5511140_skalsatra,2008,52
5511140_skalsatra,2009,56
5511140_skalsatra,2010,73
5511140_skalsatra,2011,83
5511140_skalsatra,2012,85
5511140_skalsatra,2013,86
5511140_skalsatra,2014,93
5511150_norra_hanviken,2000,8
5511150_norra_hanviken,2001,11
5511150_norra_hanviken,2002,9
5511150_norra_hanviken,2003,9
5511150_norra_hanviken,2004,12
5511150_norra_hanviken,2005,18
5511150_norra_hanviken,2006,27
5511150_norra_hanviken,2007,30
5511150_norra_hanviken,2008,16
5511150_norra_hanviken,2009,28
5511150_norra_hanviken,2010,18
5511150_norra_hanviken,2011,19
5511150_norra_hanviken,2012,38
5511150_norra_hanviken,2013,35
5511150_norra_hanviken,2014,48
5511160_sodra_hanviken,2000,7
5511160_sodra_hanviken,2001,6
5511160_sodra_hanviken,2002,11
5511160_sodra_hanviken,2003,12
5511160_sodra_hanviken,2004,15
5511160_sodra_hanviken,2005,14
5511160_sodra_hanviken,2006,23
5511160_sodra_hanviken,2007,33
5511160_sodra_hanviken,2008,30
5511160_sodra_hanviken,2009,27
5511160_sodra_hanviken,2010,29
5511160_sodra_hanviken,2011,27
5511160_sodra_hanviken,2012,27
5511160_sodra_hanviken,2013,29
5511160_sodra_hanviken,2014,42
5512010_norra_lindalen,2000,-5
5512010_norra_lindalen,2001,-7
5512010_norra_lindalen,2002,-6
5512010_norra_lindalen,2003,-16
5512010_norra_lindalen,2004,-10
5512010_norra_lindalen,2005,-11
5512010_norra_lindalen,2006,-10
5512010_norra_lindalen,2007,-8
5512010_norra_lindalen,2008,1
5512010_norra_lindalen,2009,10
5512010_norra_lindalen,2010,14
5512010_norra_lindalen,2011,5
5512010_norra_lindalen,2012,15
5512010_norra_lindalen,2013,27
5512010_norra_lindalen,2014,32
5513010_tyreso_centrum,2000,0
5513010_tyreso_centrum,2001,3
5513010_tyreso_centrum,2002,3
5513010_tyreso_centrum,2003,-1
5513010_tyreso_centrum,2004,-10
5513010_tyreso_centrum,2005,-9
5513010_tyreso_centrum,2006,-14
5513010_tyreso_centrum,2007,-13
5513010_tyreso_centrum,2008,-6
5513010_tyreso_centrum,2009,-3
5513010_tyreso_centrum,2010,-11
5513010_tyreso_centrum,2011,-11
5513010_tyreso_centrum,2012,-4
5513010_tyreso_centrum,2013,2
5513010_tyreso_centrum,2014,8
5513020_simvagen,2000,2
5513020_simvagen,2001,2
5513020_simvagen,2002,1
5513020_simvagen,2003,-3
5513020_simvagen,2004,-9
5513020_simvagen,2005,-12
5513020_simvagen,2006,-12
5513020_simvagen,2007,-19
5513020_simvagen,2008,-23
5513020_simvagen,2009,-22
5513020_simvagen,2010,-24
5513020_simvagen,2011,-22
5513020_simvagen,2012,-28
5513020_simvagen,2013,-35
5513020_simvagen,2014,-40
5513110_granitvagen,2000,7
5513110_granitvagen,2001,16
5513110_granitvagen,2002,5
5513110_granitvagen,2003,-2
5513110_granitvagen,2004,-2
5513110_granitvagen,2005,-14
5513110_granitvagen,2006,-26
5513110_granitvagen,2007,-22
5513110_granitvagen,2008,-33
5513110_granitvagen,2009,-36
5513110_granitvagen,2010,-33
5513110_granitvagen,2011,-37
5513110_granitvagen,2012,-39
5513110_granitvagen,2013,-34
5513110_granitvagen,2014,-39
5513120_pluggvagen,2000,-7
5513120_pluggvagen,2001,-10
5513120_pluggvagen,2002,-10
5513120_pluggvagen,2003,-14
5513120_pluggvagen,2004,-18
5513120_pluggvagen,2005,-19
5513120_pluggvagen,2006,-25
5513120_pluggvagen,2007,-26
5513120_pluggvagen,2008,-25
5513120_pluggvagen,2009,-23
5513120_pluggvagen,2010,-28
5513120_pluggvagen,2011,-20
5513120_pluggvagen,2012,-29
5513120_pluggvagen,2013,-30
5513120_pluggvagen,2014,-32
5513140_mellanbergsvagen,2000,15
5513140_mellanbergsvagen,2001,16
5513140_mellanbergsvagen,2002,11
5513140_mellanbergsvagen,2003,7
5513140_mellanbergsvagen,2004,-5
5513140_mellanbergsvagen,2005,-29
5513140_mellanbergsvagen,2006,-37
5513140_mellanbergsvagen,2007,-45
5513140_mellanbergsvagen,2008,-59
5513140_mellanbergsvagen,2009,-70
5513140_mellanbergsvagen,2010,-64
5513140_mellanbergsvagen,2011,-51
5513140_mellanbergsvagen,2012,-46
5513140_mellanbergsvagen,2013,-42
5513140_mellanbergsvagen,2014,-36
5513150_granangsringen,2000,0
5513150_granangsringen,2001,3
5513150_granangsringen,2002,-5
5513150_granangsringen,2003,-26
5513150_granangsringen,2004,-45
5513150_granangsringen,2005,-50
5513150_granangsringen,2006,-65
5513150_granangsringen,2007,-60
5513150_granangsringen,2008,-72
5513150_granangsringen,2009,-84
5513150_granangsringen,2010,-85
5513150_granangsringen,2011,-94
5513150_granangsringen,2012,-105
5513150_granangsringen,2013,-113
5513150_granangsringen,2014,-119
5513160_vastra_farmarstigen,2000,-5
5513160_vastra_farmarstigen,2001,3
5513160_vastra_farmarstigen,2002,-1
5513160_vastra_farmarstigen,2003,20
5513160_vastra_farmarstigen,2004,24
5513160_vastra_farmarstigen,2005,23
5513160_vastra_farmarstigen,2006,29
5513160_vastra_farmarstigen,2007,20
5513160_vastra_farmarstigen,2008,30
5513160_vastra_farmarstigen,2009,27
5513160_vastra_farmarstigen,2010,27
5513160_vastra_farmarstigen,2011,28
5513160_vastra_farmarstigen,2012,32
5513160_vastra_farmarstigen,2013,30
5513160_vastra_farmarstigen,2014,27
5513170_ostra_farmarstigen,2000,-1
5513170_ostra_farmarstigen,2001,3
5513170_ostra_farmarstigen,2002,3
5513170_ostra_farmarstigen,2003,6
5513170_ostra_farmarstigen,2004,5
5513170_ostra_farmarstigen,2005,0
5513170_ostra_farmarstigen,2006,0
5513170_ostra_farmarstigen,2007,-3
5513170_ostra_farmarstigen,2008,-12
5513170_ostra_farmarstigen,2009,-22
5513170_ostra_farmarstigen,2010,-25
5513170_ostra_farmarstigen,2011,-24
5513170_ostra_farmarstigen,2012,-27
5513170_ostra_farmarstigen,2013,-26
5513170_ostra_farmarstigen,2014,-40
5513210_ostra_bollmora,2000,-4
5513210_ostra_bollmora,2001,2
5513210_ostra_bollmora,2002,-5
5513210_ostra_bollmora,2003,-14
5513210_ostra_bollmora,2004,-18
5513210_ostra_bollmora,2005,-18
5513210_ostra_bollmora,2006,-27
5513210_ostra_bollmora,2007,-19
5513210_ostra_bollmora,2008,-30
5513210_ostra_bollmora,2009,-30
5513210_ostra_bollmora,2010,-32
5513210_ostra_bollmora,2011,-36
5513210_ostra_bollmora,2012,-37
5513210_ostra_bollmora,2013,-37
5513210_ostra_bollmora,2014,-20
5513220_bondevagen,2000,-4
5513220_bondevagen,2001,-7
5513220_bondevagen,2002,-1
5513220_bondevagen,2003,1
5513220_bondevagen,2004,8
5513220_bondevagen,2005,8
5513220_bondevagen,2006,15
5513220_bondevagen,2007,22
5513220_bondevagen,2008,29
5513220_bondevagen,2009,29
5513220_bondevagen,2010,34
5513220_bondevagen,2011,37
5513220_bondevagen,2012,38
5513220_bondevagen,2013,41
5513220_bondevagen,2014,41
5513310_norra_bollmora,2000,2
5513310_norra_bollmora,2001,3
5513310_norra_bollmora,2002,-1
5513310_norra_bollmora,2003,2
5513310_norra_bollmora,2004,8
5513310_norra_bollmora,2005,12
5513310_norra_bollmora,2006,8
5513310_norra_bollmora,2007,0
5513310_norra_bollmora,2008,1
5513310_norra_bollmora,2009,-8
5513310_norra_bollmora,2010,-12
5513310_norra_bollmora,2011,-15
5513310_norra_bollmora,2012,-14
5513310_norra_bollmora,2013,3
5513310_norra_bollmora,2014,4
5513330_vastra_fardala,2000,1
5513330_vastra_fardala,2001,6
5513330_vastra_fardala,2002,0
5513330_vastra_fardala,2003,0
5513330_vastra_fardala,2004,-1
5513330_vastra_fardala,2005,-2
5513330_vastra_fardala,2006,-1
5513330_vastra_fardala,2007,-5
5513330_vastra_fardala,2008,-2
5513330_vastra_fardala,2009,-1
5513330_vastra_fardala,2010,6
5513330_vastra_fardala,2011,4
5513330_vastra_fardala,2012,12
5513330_vastra_fardala,2013,16
5513330_vastra_fardala,2014,27
5513410_fardala,2000,3
5513410_fardala,2001,-2
5513410_fardala,2002,-5
5513410_fardala,2003,-5
5513410_fardala,2004,-1
5513410_fardala,2005,6
5513410_fardala,2006,9
5513410_fardala,2007,13
5513410_fardala,2008,15
5513410_fardala,2009,15
5513410_fardala,2010,11
5513410_fardala,2011,12
5513410_fardala,2012,18
5513410_fardala,2013,31
5513410_fardala,2014,34
5514000_krusboda,2000,-1
5514000_krusboda,2001,-6
5514000_krusboda,2002,-8
5514000_krusboda,2003,-23
5514000_krusboda,2004,-13
5514000_krusboda,2005,-18
5514000_krusboda,2006,-5
5514000_krusboda,2007,-12
5514000_krusboda,2008,0
5514000_krusboda,2009,-2
5514000_krusboda,2010,6
5514000_krusboda,2011,21
5514000_krusboda,2012,13
5514000_krusboda,2013,18
5514000_krusboda,2014,25
5515010_oringe,2000,3
5515010_oringe,2001,8
5515010_oringe,2002,13
5515010_oringe,2003,9
5515010_oringe,2004,5
5515010_oringe,2005,9
5515010_oringe,2006,5
5515010_oringe,2007,17
5515010_oringe,2008,16
5515010_oringe,2009,14
5515010_oringe,2010,13
5515010_oringe,2011,20
5515010_oringe,2012,16
5515010_oringe,2013,28
5515010_oringe,2014,27
5515120_strand_norr_tyreso_strand_centrum_strand_syd_gimmersta,2000,22
5515120_strand_norr_tyreso_strand_centrum_strand_syd_gimmersta,2001,56
5515120_strand_norr_tyreso_strand_centrum_strand_syd_gimmersta,2002,97
5515120_strand_norr_tyreso_strand_centrum_strand_syd_gimmersta,2003,135
5515120_strand_norr_tyreso_strand_centrum_strand_syd_gimmersta,2004,165
5515120_strand_norr_tyreso_strand_centrum_strand_syd_gimmersta,2005,226
5515120_strand_norr_tyreso_strand_centrum_strand_syd_gimmersta,2006,232
5515120_strand_norr_tyreso_strand_centrum_strand_syd_gimmersta,2007,276
5515120_strand_norr_tyreso_strand_centrum_strand_syd_gimmersta,2008,296
5515120_strand_norr_tyreso_strand_centrum_strand_syd_gimmersta,2009,340
5515120_strand_norr_tyreso_strand_centrum_strand_syd_gimmersta,2010,338
5515120_strand_norr_tyreso_strand_centrum_strand_syd_gimmersta,2011,364
5515120_strand_norr_tyreso_strand_centrum_strand_syd_gimmersta,2012,415
5515120_strand_norr_tyreso_strand_centrum_strand_syd_gimmersta,2013,440
5515120_strand_norr_tyreso_strand_centrum_strand_syd_gimmersta,2014,515
5515210_vissvass_raksta_solberga_bergholm,2000,3
5515210_vissvass_raksta_solberga_bergholm,2001,4
5515210_vissvass_raksta_solberga_bergholm,2002,14
5515210_vissvass_raksta_solberga_bergholm,2003,11
5515210_vissvass_raksta_solberga_bergholm,2004,15
5515210_vissvass_raksta_solberga_bergholm,2005,17
5515210_vissvass_raksta_solberga_bergholm,2006,37
5515210_vissvass_raksta_solberga_bergholm,2007,43
5515210_vissvass_raksta_solberga_bergholm,2008,51
5515210_vissvass_raksta_solberga_bergholm,2009,50
5515210_vissvass_raksta_solberga_bergholm,2010,48
5515210_vissvass_raksta_solberga_bergholm,2011,57
5515210_vissvass_raksta_solberga_bergholm,2012,59
5515210_vissvass_raksta_solberga_bergholm,2013,62
5515210_vissvass_raksta_solberga_bergholm,2014,63
5515220_inre_brevik_yttre_brevik,2000,13
5515220_inre_brevik_yttre_brevik,2001,21
5515220_inre_brevik_yttre_brevik,2002,33
5515220_inre_brevik_yttre_brevik,2003,49
5515220_inre_brevik_yttre_brevik,2004,54
5515220_inre_brevik_yttre_brevik,2005,60
5515220_inre_brevik_yttre_brevik,2006,79
5515220_inre_brevik_yttre_brevik,2007,79
5515220_inre_brevik_yttre_brevik,2008,88
5515220_inre_brevik_yttre_brevik,2009,102
5515220_inre_brevik_yttre_brevik,2010,121
5515220_inre_brevik_yttre_brevik,2011,127
5515220_inre_brevik_yttre_brevik,2012,136
5515220_inre_brevik_yttre_brevik,2013,133
5515220_inre_brevik_yttre_brevik,2014,153
4010130_gamla_bro_tatort,2000,6
4010130_gamla_bro_tatort,2001,11
4010130_gamla_bro_tatort,2002,19
4010130_gamla_bro_tatort,2003,12
4010130_gamla_bro_tatort,2004,9
4010130_gamla_bro_tatort,2005,11
4010130_gamla_bro_tatort,2006,9
4010130_gamla_bro_tatort,2007,5
4010130_gamla_bro_tatort,2008,3
4010130_gamla_bro_tatort,2009,4
4010130_gamla_bro_tatort,2010,11
4010130_gamla_bro_tatort,2011,10
4010130_gamla_bro_tatort,2012,11
4010130_gamla_bro_tatort,2013,13
4010130_gamla_bro_tatort,2014,-6
4010140_bro_centrum,2000,-5
4010140_bro_centrum,2001,5
4010140_bro_centrum,2002,15
4010140_bro_centrum,2003,10
4010140_bro_centrum,2004,-5
4010140_bro_centrum,2005,-2
4010140_bro_centrum,2006,8
4010140_bro_centrum,2007,28
4010140_bro_centrum,2008,21
4010140_bro_centrum,2009,27
4010140_bro_centrum,2010,36
4010140_bro_centrum,2011,44
4010140_bro_centrum,2012,67
4010140_bro_centrum,2013,56
4010140_bro_centrum,2014,76
4010500_kockbacka_bro_glesbygd_ostra_bro_sodra_bro,2000,1
4010500_kockbacka_bro_glesbygd_ostra_bro_sodra_bro,2001,-2
4010500_kockbacka_bro_glesbygd_ostra_bro_sodra_bro,2002,-4
4010500_kockbacka_bro_glesbygd_ostra_bro_sodra_bro,2003,-9
4010500_kockbacka_bro_glesbygd_ostra_bro_sodra_bro,2004,-3
4010500_kockbacka_bro_glesbygd_ostra_bro_sodra_bro,2005,0
4010500_kockbacka_bro_glesbygd_ostra_bro_sodra_bro,2006,-3
4010500_kockbacka_bro_glesbygd_ostra_bro_sodra_bro,2007,14
4010500_kockbacka_bro_glesbygd_ostra_bro_sodra_bro,2008,58
4010500_kockbacka_bro_glesbygd_ostra_bro_sodra_bro,2009,82
4010500_kockbacka_bro_glesbygd_ostra_bro_sodra_bro,2010,100
4010500_kockbacka_bro_glesbygd_ostra_bro_sodra_bro,2011,120
4010500_kockbacka_bro_glesbygd_ostra_bro_sodra_bro,2012,136
4010500_kockbacka_bro_glesbygd_ostra_bro_sodra_bro,2013,149
4010500_kockbacka_bro_glesbygd_ostra_bro_sodra_bro,2014,172
4020000_lassa_forsamling,2000,0
4020000_lassa_forsamling,2001,4
4020000_lassa_forsamling,2002,9
4020000_lassa_forsamling,2003,8
4020000_lassa_forsamling,2004,16
4020000_lassa_forsamling,2005,19
4020000_lassa_forsamling,2006,23
4020000_lassa_forsamling,2007,30
4020000_lassa_forsamling,2008,27
4020000_lassa_forsamling,2009,28
4020000_lassa_forsamling,2010,35
4020000_lassa_forsamling,2011,40
4020000_lassa_forsamling,2012,40
4020000_lassa_forsamling,2013,40
4020000_lassa_forsamling,2014,53
4050100_habo_tibble_kyrkby,2000,-6
4050100_habo_tibble_kyrkby,2001,-3
4050100_habo_tibble_kyrkby,2002,-6
4050100_habo_tibble_kyrkby,2003,0
4050100_habo_tibble_kyrkby,2004,0
4050100_habo_tibble_kyrkby,2005,-3
4050100_habo_tibble_kyrkby,2006,-3
4050100_habo_tibble_kyrkby,2007,-3
4050100_habo_tibble_kyrkby,2008,0
4050100_habo_tibble_kyrkby,2009,3
4050100_habo_tibble_kyrkby,2010,5
4050100_habo_tibble_kyrkby,2011,9
4050100_habo_tibble_kyrkby,2012,6
4050100_habo_tibble_kyrkby,2013,6
4050100_habo_tibble_kyrkby,2014,6
4050200_mariedal_nashagen,2000,-3
4050200_mariedal_nashagen,2001,-6
4050200_mariedal_nashagen,2002,-6
4050200_mariedal_nashagen,2003,-9
4050200_mariedal_nashagen,2004,-9
4050200_mariedal_nashagen,2005,-9
4050200_mariedal_nashagen,2006,-9
4050200_mariedal_nashagen,2007,-9
4050200_mariedal_nashagen,2008,-6
4050200_mariedal_nashagen,2009,-3
4050200_mariedal_nashagen,2010,-2
4050200_mariedal_nashagen,2011,1
4050200_mariedal_nashagen,2012,-2
4050200_mariedal_nashagen,2013,1
4050200_mariedal_nashagen,2014,2
4050500_habo_tibble_glesbygd,2000,3
4050500_habo_tibble_glesbygd,2001,3
4050500_habo_tibble_glesbygd,2002,10
4050500_habo_tibble_glesbygd,2003,7
4050500_habo_tibble_glesbygd,2004,4
4050500_habo_tibble_glesbygd,2005,7
4050500_habo_tibble_glesbygd,2006,9
4050500_habo_tibble_glesbygd,2007,12
4050500_habo_tibble_glesbygd,2008,6
4050500_habo_tibble_glesbygd,2009,9
4050500_habo_tibble_glesbygd,2010,7
4050500_habo_tibble_glesbygd,2011,4
4050500_habo_tibble_glesbygd,2012,4
4050500_habo_tibble_glesbygd,2013,1
4050500_habo_tibble_glesbygd,2014,-3
4060000_hatuna_forsamling,2000,1
4060000_hatuna_forsamling,2001,1
4060000_hatuna_forsamling,2002,-2
4060000_hatuna_forsamling,2003,-2
4060000_hatuna_forsamling,2004,4
4060000_hatuna_forsamling,2005,10
4060000_hatuna_forsamling,2006,7
4060000_hatuna_forsamling,2007,5
4060000_hatuna_forsamling,2008,8
4060000_hatuna_forsamling,2009,14
4060000_hatuna_forsamling,2010,16
4060000_hatuna_forsamling,2011,21
4060000_hatuna_forsamling,2012,21
4060000_hatuna_forsamling,2013,23
4060000_hatuna_forsamling,2014,28
4070110_sodra_kungsangen,2000,3
4070110_sodra_kungsangen,2001,15
4070110_sodra_kungsangen,2002,10
4070110_sodra_kungsangen,2003,4
4070110_sodra_kungsangen,2004,-3
4070110_sodra_kungsangen,2005,-10
4070110_sodra_kungsangen,2006,2
4070110_sodra_kungsangen,2007,11
4070110_sodra_kungsangen,2008,6
4070110_sodra_kungsangen,2009,32
4070110_sodra_kungsangen,2010,45
4070110_sodra_kungsangen,2011,36
4070110_sodra_kungsangen,2012,38
4070110_sodra_kungsangen,2013,40
4070110_sodra_kungsangen,2014,29
4070120_norra_kungsangen,2000,-11
4070120_norra_kungsangen,2001,-3
4070120_norra_kungsangen,2002,-15
4070120_norra_kungsangen,2003,-20
4070120_norra_kungsangen,2004,-25
4070120_norra_kungsangen,2005,-29
4070120_norra_kungsangen,2006,-14
4070120_norra_kungsangen,2007,10
4070120_norra_kungsangen,2008,8
4070120_norra_kungsangen,2009,0
4070120_norra_kungsangen,2010,1
4070120_norra_kungsangen,2011,-5
4070120_norra_kungsangen,2012,-22
4070120_norra_kungsangen,2013,-28
4070120_norra_kungsangen,2014,-34
4070130_tibblehojden,2000,1
4070130_tibblehojden,2001,4
4070130_tibblehojden,2002,-1
4070130_tibblehojden,2003,2
4070130_tibblehojden,2004,9
4070130_tibblehojden,2005,-3
4070130_tibblehojden,2006,3
4070130_tibblehojden,2007,-2
4070130_tibblehojden,2008,0
4070130_tibblehojden,2009,2
4070130_tibblehojden,2010,5
4070130_tibblehojden,2011,3
4070130_tibblehojden,2012,13
4070130_tibblehojden,2013,12
4070130_tibblehojden,2014,11
4070150_tibbleangen,2000,1
4070150_tibbleangen,2001,1
4070150_tibbleangen,2002,2
4070150_tibbleangen,2003,-5
4070150_tibbleangen,2004,-12
4070150_tibbleangen,2005,-2
4070150_tibbleangen,2006,-16
4070150_tibbleangen,2007,-28
4070150_tibbleangen,2008,-29
4070150_tibbleangen,2009,-35
4070150_tibbleangen,2010,-37
4070150_tibbleangen,2011,-41
4070150_tibbleangen,2012,-44
4070150_tibbleangen,2013,-38
4070150_tibbleangen,2014,-36
4070160_sylta,2000,6
4070160_sylta,2001,10
4070160_sylta,2002,7
4070160_sylta,2003,9
4070160_sylta,2004,15
4070160_sylta,2005,11
4070160_sylta,2006,25
4070160_sylta,2007,27
4070160_sylta,2008,33
4070160_sylta,2009,30
4070160_sylta,2010,38
4070160_sylta,2011,40
4070160_sylta,2012,46
4070160_sylta,2013,58
4070160_sylta,2014,64
4070170_kungsangens_glesbygd_rankhus,2000,1
4070170_kungsangens_glesbygd_rankhus,2001,6
4070170_kungsangens_glesbygd_rankhus,2002,6
4070170_kungsangens_glesbygd_rankhus,2003,3
4070170_kungsangens_glesbygd_rankhus,2004,2
4070170_kungsangens_glesbygd_rankhus,2005,-2
4070170_kungsangens_glesbygd_rankhus,2006,4
4070170_kungsangens_glesbygd_rankhus,2007,4
4070170_kungsangens_glesbygd_rankhus,2008,1
4070170_kungsangens_glesbygd_rankhus,2009,-1
4070170_kungsangens_glesbygd_rankhus,2010,4
4070170_kungsangens_glesbygd_rankhus,2011,0
4070170_kungsangens_glesbygd_rankhus,2012,1
4070170_kungsangens_glesbygd_rankhus,2013,-2
4070170_kungsangens_glesbygd_rankhus,2014,-2
4070210_brunna_tatort,2000,-5
4070210_brunna_tatort,2001,-13
4070210_brunna_tatort,2002,-5
4070210_brunna_tatort,2003,-13
4070210_brunna_tatort,2004,-11
4070210_brunna_tatort,2005,-26
4070210_brunna_tatort,2006,-31
4070210_brunna_tatort,2007,-27
4070210_brunna_tatort,2008,-23
4070210_brunna_tatort,2009,-28
4070210_brunna_tatort,2010,-14
4070210_brunna_tatort,2011,-13
4070210_brunna_tatort,2012,-3
4070210_brunna_tatort,2013,-7
4070210_brunna_tatort,2014,-12
6410100_nykvarn,2000,-1
6410100_nykvarn,2001,2
6410100_nykvarn,2002,26
6410100_nykvarn,2003,37
6410100_nykvarn,2004,59
6410100_nykvarn,2005,68
6410100_nykvarn,2006,94
6410100_nykvarn,2007,119
6410100_nykvarn,2008,148
6410100_nykvarn,2009,162
6410100_nykvarn,2010,181
6410100_nykvarn,2011,181
6410100_nykvarn,2012,191
6410100_nykvarn,2013,193
6410100_nykvarn,2014,215
6410500_turinge_glesbygd,2000,0
6410500_turinge_glesbygd,2001,12
6410500_turinge_glesbygd,2002,15
6410500_turinge_glesbygd,2003,26
6410500_turinge_glesbygd,2004,34
6410500_turinge_glesbygd,2005,40
6410500_turinge_glesbygd,2006,44
6410500_turinge_glesbygd,2007,60
6410500_turinge_glesbygd,2008,73
6410500_turinge_glesbygd,2009,89
6410500_turinge_glesbygd,2010,91
6410500_turinge_glesbygd,2011,99
6410500_turinge_glesbygd,2012,114
6410500_turinge_glesbygd,2013,117
6410500_turinge_glesbygd,2014,126
6420000_taxinge_forsamling,2000,17
6420000_taxinge_forsamling,2001,26
6420000_taxinge_forsamling,2002,29
6420000_taxinge_forsamling,2003,29
6420000_taxinge_forsamling,2004,33
6420000_taxinge_forsamling,2005,31
6420000_taxinge_forsamling,2006,38
6420000_taxinge_forsamling,2007,38
6420000_taxinge_forsamling,2008,44
6420000_taxinge_forsamling,2009,45
6420000_taxinge_forsamling,2010,47
6420000_taxinge_forsamling,2011,42
6420000_taxinge_forsamling,2012,50
6420000_taxinge_forsamling,2013,56
6420000_taxinge_forsamling,2014,56
3910110_vastra_nasbypark,2000,15
3910110_vastra_nasbypark,2001,10
3910110_vastra_nasbypark,2002,16
3910110_vastra_nasbypark,2003,10
3910110_vastra_nasbypark,2004,29
3910110_vastra_nasbypark,2005,24
3910110_vastra_nasbypark,2006,31
3910110_vastra_nasbypark,2007,46
3910110_vastra_nasbypark,2008,57
3910110_vastra_nasbypark,2009,63
3910110_vastra_nasbypark,2010,64
3910110_vastra_nasbypark,2011,97
3910110_vastra_nasbypark,2012,95
3910110_vastra_nasbypark,2013,104
3910110_vastra_nasbypark,2014,118
3910120_ornstigen,2000,-5
3910120_ornstigen,2001,-13
3910120_ornstigen,2002,-23
3910120_ornstigen,2003,-16
3910120_ornstigen,2004,-21
3910120_ornstigen,2005,-24
3910120_ornstigen,2006,-25
3910120_ornstigen,2007,-40
3910120_ornstigen,2008,-44
3910120_ornstigen,2009,-49
3910120_ornstigen,2010,-48
3910120_ornstigen,2011,-54
3910120_ornstigen,2012,-44
3910120_ornstigen,2013,-47
3910120_ornstigen,2014,-37
3910130_nasbyparks_centrum,2000,-5
3910130_nasbyparks_centrum,2001,9
3910130_nasbyparks_centrum,2002,16
3910130_nasbyparks_centrum,2003,21
3910130_nasbyparks_centrum,2004,11
3910130_nasbyparks_centrum,2005,4
3910130_nasbyparks_centrum,2006,5
3910130_nasbyparks_centrum,2007,-14
3910130_nasbyparks_centrum,2008,-14
3910130_nasbyparks_centrum,2009,-20
3910130_nasbyparks_centrum,2010,-32
3910130_nasbyparks_centrum,2011,-21
3910130_nasbyparks_centrum,2012,-23
3910130_nasbyparks_centrum,2013,-22
3910130_nasbyparks_centrum,2014,-4
3910140_nasby_slott,2000,-5
3910140_nasby_slott,2001,3
3910140_nasby_slott,2002,7
3910140_nasby_slott,2003,9
3910140_nasby_slott,2004,10
3910140_nasby_slott,2005,11
3910140_nasby_slott,2006,17
3910140_nasby_slott,2007,29
3910140_nasby_slott,2008,36
3910140_nasby_slott,2009,40
3910140_nasby_slott,2010,42
3910140_nasby_slott,2011,47
3910140_nasby_slott,2012,47
3910140_nasby_slott,2013,54
3910140_nasby_slott,2014,57
3910170_ostra_nasbypark,2000,-14
3910170_ostra_nasbypark,2001,-18
3910170_ostra_nasbypark,2002,1
3910170_ostra_nasbypark,2003,18
3910170_ostra_nasbypark,2004,13
3910170_ostra_nasbypark,2005,33
3910170_ostra_nasbypark,2006,54
3910170_ostra_nasbypark,2007,100
3910170_ostra_nasbypark,2008,118
3910170_ostra_nasbypark,2009,124
3910170_ostra_nasbypark,2010,133
3910170_ostra_nasbypark,2011,143
3910170_ostra_nasbypark,2012,150
3910170_ostra_nasbypark,2013,165
3910170_ostra_nasbypark,2014,169
3910190_lahall,2000,5
3910190_lahall,2001,5
3910190_lahall,2002,9
3910190_lahall,2003,14
3910190_lahall,2004,20
3910190_lahall,2005,31
3910190_lahall,2006,35
3910190_lahall,2007,40
3910190_lahall,2008,40
3910190_lahall,2009,50
3910190_lahall,2010,61
3910190_lahall,2011,74
3910190_lahall,2012,83
3910190_lahall,2013,71
3910190_lahall,2014,81
3910210_nasbydal,2000,9
3910210_nasbydal,2001,4
3910210_nasbydal,2002,3
3910210_nasbydal,2003,-6
3910210_nasbydal,2004,-10
3910210_nasbydal,2005,-11
3910210_nasbydal,2006,-13
3910210_nasbydal,2007,-12
3910210_nasbydal,2008,-42
3910210_nasbydal,2009,-48
3910210_nasbydal,2010,-51
3910210_nasbydal,2011,-70
3910210_nasbydal,2012,-68
3910210_nasbydal,2013,-63
3910210_nasbydal,2014,-70
3910220_grindtorp,2000,-12
3910220_grindtorp,2001,-2
3910220_grindtorp,2002,-19
3910220_grindtorp,2003,-3
3910220_grindtorp,2004,-11
3910220_grindtorp,2005,-24
3910220_grindtorp,2006,-46
3910220_grindtorp,2007,-60
3910220_grindtorp,2008,-52
3910220_grindtorp,2009,-61
3910220_grindtorp,2010,-61
3910220_grindtorp,2011,-77
3910220_grindtorp,2012,-68
3910220_grindtorp,2013,-72
3910220_grindtorp,2014,-60
3910240_taby_centrum,2000,15
3910240_taby_centrum,2001,8
3910240_taby_centrum,2002,7
3910240_taby_centrum,2003,-6
3910240_taby_centrum,2004,-5
3910240_taby_centrum,2005,-6
3910240_taby_centrum,2006,-15
3910240_taby_centrum,2007,-19
3910240_taby_centrum,2008,-24
3910240_taby_centrum,2009,-30
3910240_taby_centrum,2010,-31
3910240_taby_centrum,2011,-37
3910240_taby_centrum,2012,-30
3910240_taby_centrum,2013,-13
3910240_taby_centrum,2014,21
3910270_marknadsvagen,2000,0
3910270_marknadsvagen,2001,-3
3910270_marknadsvagen,2002,-28
3910270_marknadsvagen,2003,-32
3910270_marknadsvagen,2004,-31
3910270_marknadsvagen,2005,-26
3910270_marknadsvagen,2006,-26
3910270_marknadsvagen,2007,-21
3910270_marknadsvagen,2008,-32
3910270_marknadsvagen,2009,-28
3910270_marknadsvagen,2010,-43
3910270_marknadsvagen,2011,-35
3910270_marknadsvagen,2012,-31
3910270_marknadsvagen,2013,-24
3910270_marknadsvagen,2014,-1
3910280_akerbyvagen,2000,-18
3910280_akerbyvagen,2001,-8
3910280_akerbyvagen,2002,-5
3910280_akerbyvagen,2003,-7
3910280_akerbyvagen,2004,-15
3910280_akerbyvagen,2005,-14
3910280_akerbyvagen,2006,-9
3910280_akerbyvagen,2007,-12
3910280_akerbyvagen,2008,-1
3910280_akerbyvagen,2009,6
3910280_akerbyvagen,2010,7
3910280_akerbyvagen,2011,4
3910280_akerbyvagen,2012,0
3910280_akerbyvagen,2013,-3
3910280_akerbyvagen,2014,-4
3910310_sodra_viggbyholm,2000,1
3910310_sodra_viggbyholm,2001,-6
3910310_sodra_viggbyholm,2002,-6
3910310_sodra_viggbyholm,2003,3
3910310_sodra_viggbyholm,2004,11
3910310_sodra_viggbyholm,2005,29
3910310_sodra_viggbyholm,2006,35
3910310_sodra_viggbyholm,2007,53
3910310_sodra_viggbyholm,2008,64
3910310_sodra_viggbyholm,2009,76
3910310_sodra_viggbyholm,2010,91
3910310_sodra_viggbyholm,2011,102
3910310_sodra_viggbyholm,2012,135
3910310_sodra_viggbyholm,2013,127
3910310_sodra_viggbyholm,2014,137
3910320_viggbygardet,2000,-2
3910320_viggbygardet,2001,-19
3910320_viggbygardet,2002,-27
3910320_viggbygardet,2003,-31
3910320_viggbygardet,2004,-36
3910320_viggbygardet,2005,-39
3910320_viggbygardet,2006,-42
3910320_viggbygardet,2007,-47
3910320_viggbygardet,2008,-58
3910320_viggbygardet,2009,-54
3910320_viggbygardet,2010,-60
3910320_viggbygardet,2011,-36
3910320_viggbygardet,2012,-35
3910320_viggbygardet,2013,-35
3910320_viggbygardet,2014,-33
3910330_mellersta_viggbyholm,2000,3
3910330_mellersta_viggbyholm,2001,-2
3910330_mellersta_viggbyholm,2002,-3
3910330_mellersta_viggbyholm,2003,-20
3910330_mellersta_viggbyholm,2004,-10
3910330_mellersta_viggbyholm,2005,-11
3910330_mellersta_viggbyholm,2006,-11
3910330_mellersta_viggbyholm,2007,-11
3910330_mellersta_viggbyholm,2008,-14
3910330_mellersta_viggbyholm,2009,-18
3910330_mellersta_viggbyholm,2010,-18
3910330_mellersta_viggbyholm,2011,-3
3910330_mellersta_viggbyholm,2012,-2
3910330_mellersta_viggbyholm,2013,-1
3910330_mellersta_viggbyholm,2014,5
3910350_norra_viggbyholm,2000,0
3910350_norra_viggbyholm,2001,-1
3910350_norra_viggbyholm,2002,7
3910350_norra_viggbyholm,2003,14
3910350_norra_viggbyholm,2004,14
3910350_norra_viggbyholm,2005,17
3910350_norra_viggbyholm,2006,23
3910350_norra_viggbyholm,2007,20
3910350_norra_viggbyholm,2008,19
3910350_norra_viggbyholm,2009,19
3910350_norra_viggbyholm,2010,26
3910350_norra_viggbyholm,2011,32
3910350_norra_viggbyholm,2012,32
3910350_norra_viggbyholm,2013,37
3910350_norra_viggbyholm,2014,36
3910370_norra_hagernas,2000,-16
3910370_norra_hagernas,2001,-17
3910370_norra_hagernas,2002,-14
3910370_norra_hagernas,2003,-39
3910370_norra_hagernas,2004,-39
3910370_norra_hagernas,2005,-46
3910370_norra_hagernas,2006,-42
3910370_norra_hagernas,2007,-48
3910370_norra_hagernas,2008,-43
3910370_norra_hagernas,2009,-67
3910370_norra_hagernas,2010,-79
3910370_norra_hagernas,2011,-85
3910370_norra_hagernas,2012,-76
3910370_norra_hagernas,2013,-83
3910370_norra_hagernas,2014,-100
3910380_sodra_hagernas,2000,0
3910380_sodra_hagernas,2001,-2
3910380_sodra_hagernas,2002,1
3910380_sodra_hagernas,2003,5
3910380_sodra_hagernas,2004,28
3910380_sodra_hagernas,2005,54
3910380_sodra_hagernas,2006,87
3910380_sodra_hagernas,2007,115
3910380_sodra_hagernas,2008,148
3910380_sodra_hagernas,2009,189
3910380_sodra_hagernas,2010,243
3910380_sodra_hagernas,2011,233
3910380_sodra_hagernas,2012,258
3910380_sodra_hagernas,2013,297
3910380_sodra_hagernas,2014,302
3910480_norra_landsbygden,2000,3
3910480_norra_landsbygden,2001,0
3910480_norra_landsbygden,2002,-3
3910480_norra_landsbygden,2003,-6
3910480_norra_landsbygden,2004,-9
3910480_norra_landsbygden,2005,-12
3910480_norra_landsbygden,2006,-15
3910480_norra_landsbygden,2007,-18
3910480_norra_landsbygden,2008,30
3910480_norra_landsbygden,2009,43
3910480_norra_landsbygden,2010,71
3910480_norra_landsbygden,2011,74
3910480_norra_landsbygden,2012,70
3910480_norra_landsbygden,2013,73
3910480_norra_landsbygden,2014,79
3910730_ella,2000,8
3910730_ella,2001,10
3910730_ella,2002,6
3910730_ella,2003,0
3910730_ella,2004,3
3910730_ella,2005,21
3910730_ella,2006,27
3910730_ella,2007,34
3910730_ella,2008,35
3910730_ella,2009,45
3910730_ella,2010,53
3910730_ella,2011,74
3910730_ella,2012,93
3910730_ella,2013,95
3910730_ella,2014,102
3910770_vastra_ensta,2000,7
3910770_vastra_ensta,2001,12
3910770_vastra_ensta,2002,11
3910770_vastra_ensta,2003,26
3910770_vastra_ensta,2004,32
3910770_vastra_ensta,2005,40
3910770_vastra_ensta,2006,41
3910770_vastra_ensta,2007,48
3910770_vastra_ensta,2008,60
3910770_vastra_ensta,2009,69
3910770_vastra_ensta,2010,75
3910770_vastra_ensta,2011,74
3910770_vastra_ensta,2012,71
3910770_vastra_ensta,2013,78
3910770_vastra_ensta,2014,89
3910780_ostra_ensta,2000,-3
3910780_ostra_ensta,2001,2
3910780_ostra_ensta,2002,3
3910780_ostra_ensta,2003,8
3910780_ostra_ensta,2004,4
3910780_ostra_ensta,2005,5
3910780_ostra_ensta,2006,12
3910780_ostra_ensta,2007,22
3910780_ostra_ensta,2008,27
3910780_ostra_ensta,2009,30
3910780_ostra_ensta,2010,29
3910780_ostra_ensta,2011,34
3910780_ostra_ensta,2012,33
3910780_ostra_ensta,2013,30
3910780_ostra_ensta,2014,32
3910790_kullagrand,2000,0
3910790_kullagrand,2001,1
3910790_kullagrand,2002,-8
3910790_kullagrand,2003,-17
3910790_kullagrand,2004,-18
3910790_kullagrand,2005,-20
3910790_kullagrand,2006,-23
3910790_kullagrand,2007,-25
3910790_kullagrand,2008,-21
3910790_kullagrand,2009,-22
3910790_kullagrand,2010,-25
3910790_kullagrand,2011,-18
3910790_kullagrand,2012,-20
3910790_kullagrand,2013,-17
3910790_kullagrand,2014,-17
3910810_norra_ellagard,2000,4
3910810_norra_ellagard,2001,15
3910810_norra_ellagard,2002,19
3910810_norra_ellagard,2003,30
3910810_norra_ellagard,2004,41
3910810_norra_ellagard,2005,35
3910810_norra_ellagard,2006,33
3910810_norra_ellagard,2007,44
3910810_norra_ellagard,2008,44
3910810_norra_ellagard,2009,45
3910810_norra_ellagard,2010,47
3910810_norra_ellagard,2011,55
3910810_norra_ellagard,2012,66
3910810_norra_ellagard,2013,67
3910810_norra_ellagard,2014,74
3910820_sodra_ellagard,2000,-9
3910820_sodra_ellagard,2001,-6
3910820_sodra_ellagard,2002,-9
3910820_sodra_ellagard,2003,-4
3910820_sodra_ellagard,2004,-11
3910820_sodra_ellagard,2005,-7
3910820_sodra_ellagard,2006,-11
3910820_sodra_ellagard,2007,-2
3910820_sodra_ellagard,2008,1
3910820_sodra_ellagard,2009,9
3910820_sodra_ellagard,2010,11
3910820_sodra_ellagard,2011,16
3910820_sodra_ellagard,2012,13
3910820_sodra_ellagard,2013,22
3910820_sodra_ellagard,2014,25
3910830_ava,2000,-2
3910830_ava,2001,6
3910830_ava,2002,11
3910830_ava,2003,8
3910830_ava,2004,9
3910830_ava,2005,11
3910830_ava,2006,16
3910830_ava,2007,13
3910830_ava,2008,19
3910830_ava,2009,19
3910830_ava,2010,13
3910830_ava,2011,17
3910830_ava,2012,15
3910830_ava,2013,25
3910830_ava,2014,25
3910840_vastra_ellagard,2000,4
3910840_vastra_ellagard,2001,22
3910840_vastra_ellagard,2002,26
3910840_vastra_ellagard,2003,16
3910840_vastra_ellagard,2004,14
3910840_vastra_ellagard,2005,9
3910840_vastra_ellagard,2006,5
3910840_vastra_ellagard,2007,1
3910840_vastra_ellagard,2008,-10
3910840_vastra_ellagard,2009,-10
3910840_vastra_ellagard,2010,-3
3910840_vastra_ellagard,2011,3
3910840_vastra_ellagard,2012,5
3910840_vastra_ellagard,2013,-3
3910840_vastra_ellagard,2014,0
3910910_skarpang,2000,19
3910910_skarpang,2001,23
3910910_skarpang,2002,41
3910910_skarpang,2003,38
3910910_skarpang,2004,59
3910910_skarpang,2005,77
3910910_skarpang,2006,94
3910910_skarpang,2007,116
3910910_skarpang,2008,134
3910910_skarpang,2009,147
3910910_skarpang,2010,162
3910910_skarpang,2011,172
3910910_skarpang,2012,174
3910910_skarpang,2013,207
3910910_skarpang,2014,216
3910920_gripsvall,2000,4
3910920_gripsvall,2001,-3
3910920_gripsvall,2002,2
3910920_gripsvall,2003,8
3910920_gripsvall,2004,4
3910920_gripsvall,2005,2
3910920_gripsvall,2006,2
3910920_gripsvall,2007,1
3910920_gripsvall,2008,4
3910920_gripsvall,2009,15
3910920_gripsvall,2010,16
3910920_gripsvall,2011,19
3910920_gripsvall,2012,39
3910920_gripsvall,2013,43
3910920_gripsvall,2014,50
3911010_ostra_roslags_nasby,2000,3
3911010_ostra_roslags_nasby,2001,46
3911010_ostra_roslags_nasby,2002,38
3911010_ostra_roslags_nasby,2003,26
3911010_ostra_roslags_nasby,2004,37
3911010_ostra_roslags_nasby,2005,27
3911010_ostra_roslags_nasby,2006,40
3911010_ostra_roslags_nasby,2007,43
3911010_ostra_roslags_nasby,2008,45
3911010_ostra_roslags_nasby,2009,39
3911010_ostra_roslags_nasby,2010,42
3911010_ostra_roslags_nasby,2011,37
3911010_ostra_roslags_nasby,2012,37
3911010_ostra_roslags_nasby,2013,62
3911010_ostra_roslags_nasby,2014,103
3911020_vastra_roslags_nasby,2000,3
3911020_vastra_roslags_nasby,2001,-3
3911020_vastra_roslags_nasby,2002,-3
3911020_vastra_roslags_nasby,2003,-3
3911020_vastra_roslags_nasby,2004,-3
3911020_vastra_roslags_nasby,2005,0
3911020_vastra_roslags_nasby,2006,0
3911020_vastra_roslags_nasby,2007,7
3911020_vastra_roslags_nasby,2008,10
3911020_vastra_roslags_nasby,2009,4
3911020_vastra_roslags_nasby,2010,4
3911020_vastra_roslags_nasby,2011,7
3911020_vastra_roslags_nasby,2012,4
3911020_vastra_roslags_nasby,2013,8
3911020_vastra_roslags_nasby,2014,8
3911510_lansen,2000,9
3911510_lansen,2001,13
3911510_lansen,2002,24
3911510_lansen,2003,38
3911510_lansen,2004,42
3911510_lansen,2005,46
3911510_lansen,2006,42
3911510_lansen,2007,48
3911510_lansen,2008,60
3911510_lansen,2009,74
3911510_lansen,2010,73
3911510_lansen,2011,72
3911510_lansen,2012,82
3911510_lansen,2013,85
3911510_lansen,2014,88
3911520_sodra_gribbylund,2000,-2
3911520_sodra_gribbylund,2001,-7
3911520_sodra_gribbylund,2002,-7
3911520_sodra_gribbylund,2003,-6
3911520_sodra_gribbylund,2004,0
3911520_sodra_gribbylund,2005,-6
3911520_sodra_gribbylund,2006,-8
3911520_sodra_gribbylund,2007,-8
3911520_sodra_gribbylund,2008,-12
3911520_sodra_gribbylund,2009,-4
3911520_sodra_gribbylund,2010,4
3911520_sodra_gribbylund,2011,6
3911520_sodra_gribbylund,2012,11
3911520_sodra_gribbylund,2013,20
3911520_sodra_gribbylund,2014,26
3911530_gribbylunds_centrum,2000,-11
3911530_gribbylunds_centrum,2001,-3
3911530_gribbylunds_centrum,2002,-9
3911530_gribbylunds_centrum,2003,-22
3911530_gribbylunds_centrum,2004,-27
3911530_gribbylunds_centrum,2005,-32
3911530_gribbylunds_centrum,2006,-35
3911530_gribbylunds_centrum,2007,-41
3911530_gribbylunds_centrum,2008,-52
3911530_gribbylunds_centrum,2009,-57
3911530_gribbylunds_centrum,2010,-62
3911530_gribbylunds_centrum,2011,-68
3911530_gribbylunds_centrum,2012,-60
3911530_gribbylunds_centrum,2013,-49
3911530_gribbylunds_centrum,2014,-41
3911540_norra_gribbylund,2000,50
3911540_norra_gribbylund,2001,83
3911540_norra_gribbylund,2002,97
3911540_norra_gribbylund,2003,80
3911540_norra_gribbylund,2004,99
3911540_norra_gribbylund,2005,101
3911540_norra_gribbylund,2006,125
3911540_norra_gribbylund,2007,141
3911540_norra_gribbylund,2008,180
3911540_norra_gribbylund,2009,204
3911540_norra_gribbylund,2010,218
3911540_norra_gribbylund,2011,230
3911540_norra_gribbylund,2012,250
3911540_norra_gribbylund,2013,257
3911540_norra_gribbylund,2014,249
3911550_sveavagen,2000,-3
3911550_sveavagen,2001,-13
3911550_sveavagen,2002,-5
3911550_sveavagen,2003,-7
3911550_sveavagen,2004,-9
3911550_sveavagen,2005,-15
3911550_sveavagen,2006,-6
3911550_sveavagen,2007,5
3911550_sveavagen,2008,-3
3911550_sveavagen,2009,3
3911550_sveavagen,2010,1
3911550_sveavagen,2011,2
3911550_sveavagen,2012,1
3911550_sveavagen,2013,9
3911550_sveavagen,2014,13
3911610_ostra_vallabrink,2000,3
3911610_ostra_vallabrink,2001,0
3911610_ostra_vallabrink,2002,0
3911610_ostra_vallabrink,2003,6
3911610_ostra_vallabrink,2004,7
3911610_ostra_vallabrink,2005,6
3911610_ostra_vallabrink,2006,6
3911610_ostra_vallabrink,2007,4
3911610_ostra_vallabrink,2008,12
3911610_ostra_vallabrink,2009,12
3911610_ostra_vallabrink,2010,13
3911610_ostra_vallabrink,2011,19
3911610_ostra_vallabrink,2012,22
3911610_ostra_vallabrink,2013,21
3911610_ostra_vallabrink,2014,25
3911620_vastra_vallabrink,2000,6
3911620_vastra_vallabrink,2001,0
3911620_vastra_vallabrink,2002,8
3911620_vastra_vallabrink,2003,3
3911620_vastra_vallabrink,2004,-2
3911620_vastra_vallabrink,2005,3
3911620_vastra_vallabrink,2006,-8
3911620_vastra_vallabrink,2007,-2
3911620_vastra_vallabrink,2008,5
3911620_vastra_vallabrink,2009,12
3911620_vastra_vallabrink,2010,20
3911620_vastra_vallabrink,2011,21
3911620_vastra_vallabrink,2012,24
3911620_vastra_vallabrink,2013,32
3911620_vastra_vallabrink,2014,44
3911660_visinge,2000,-2
3911660_visinge,2001,0
3911660_visinge,2002,1
3911660_visinge,2003,12
3911660_visinge,2004,22
3911660_visinge,2005,29
3911660_visinge,2006,37
3911660_visinge,2007,33
3911660_visinge,2008,35
3911660_visinge,2009,42
3911660_visinge,2010,42
3911660_visinge,2011,56
3911660_visinge,2012,59
3911660_visinge,2013,59
3911660_visinge,2014,74
3911670_vallatorp,2000,-10
3911670_vallatorp,2001,-7
3911670_vallatorp,2002,-8
3911670_vallatorp,2003,-5
3911670_vallatorp,2004,0
3911670_vallatorp,2005,-8
3911670_vallatorp,2006,-11
3911670_vallatorp,2007,-6
3911670_vallatorp,2008,-14
3911670_vallatorp,2009,-18
3911670_vallatorp,2010,-11
3911670_vallatorp,2011,-4
3911670_vallatorp,2012,-10
3911670_vallatorp,2013,2
3911670_vallatorp,2014,8
3911680_erikslund,2000,1
3911680_erikslund,2001,2
3911680_erikslund,2002,0
3911680_erikslund,2003,-6
3911680_erikslund,2004,-8
3911680_erikslund,2005,-7
3911680_erikslund,2006,-10
3911680_erikslund,2007,-9
3911680_erikslund,2008,-18
3911680_erikslund,2009,-20
3911680_erikslund,2010,-16
3911680_erikslund,2011,-17
3911680_erikslund,2012,-22
3911680_erikslund,2013,-20
3911680_erikslund,2014,-10
3911740_s_a_midgards_industriomr,2000,3
3911740_s_a_midgards_industriomr,2001,3
3911740_s_a_midgards_industriomr,2002,3
3911740_s_a_midgards_industriomr,2003,7
3911740_s_a_midgards_industriomr,2004,8
3911740_s_a_midgards_industriomr,2005,14
3911740_s_a_midgards_industriomr,2006,14
3911740_s_a_midgards_industriomr,2007,14
3911740_s_a_midgards_industriomr,2008,17
3911740_s_a_midgards_industriomr,2009,20
3911740_s_a_midgards_industriomr,2010,20
3911740_s_a_midgards_industriomr,2011,17
3911740_s_a_midgards_industriomr,2012,20
3911740_s_a_midgards_industriomr,2013,20
3911740_s_a_midgards_industriomr,2014,17
3911750_taby_kyrka,2000,-5
3911750_taby_kyrka,2001,-2
3911750_taby_kyrka,2002,12
3911750_taby_kyrka,2003,12
3911750_taby_kyrka,2004,19
3911750_taby_kyrka,2005,25
3911750_taby_kyrka,2006,45
3911750_taby_kyrka,2007,55
3911750_taby_kyrka,2008,62
3911750_taby_kyrka,2009,64
3911750_taby_kyrka,2010,63
3911750_taby_kyrka,2011,71
3911750_taby_kyrka,2012,71
3911750_taby_kyrka,2013,81
3911750_taby_kyrka,2014,89
3911760_midgard,2000,0
3911760_midgard,2001,-3
3911760_midgard,2002,-8
3911760_midgard,2003,-10
3911760_midgard,2004,-1
3911760_midgard,2005,-13
3911760_midgard,2006,-4
3911760_midgard,2007,10
3911760_midgard,2008,14
3911760_midgard,2009,19
3911760_midgard,2010,14
3911760_midgard,2011,15
3911760_midgard,2012,10
3911760_midgard,2013,10
3911760_midgard,2014,2
3911780_ostra_taby_kyrkby,2000,-2
3911780_ostra_taby_kyrkby,2001,9
3911780_ostra_taby_kyrkby,2002,16
3911780_ostra_taby_kyrkby,2003,24
3911780_ostra_taby_kyrkby,2004,19
3911780_ostra_taby_kyrkby,2005,25
3911780_ostra_taby_kyrkby,2006,54
3911780_ostra_taby_kyrkby,2007,68
3911780_ostra_taby_kyrkby,2008,103
3911780_ostra_taby_kyrkby,2009,136
3911780_ostra_taby_kyrkby,2010,163
3911780_ostra_taby_kyrkby,2011,190
3911780_ostra_taby_kyrkby,2012,237
3911780_ostra_taby_kyrkby,2013,301
3911780_ostra_taby_kyrkby,2014,356
3911790_runborg,2000,9
3911790_runborg,2001,5
3911790_runborg,2002,13
3911790_runborg,2003,-2
3911790_runborg,2004,13
3911790_runborg,2005,14
3911790_runborg,2006,23
3911790_runborg,2007,43
3911790_runborg,2008,42
3911790_runborg,2009,63
3911790_runborg,2010,73
3911790_runborg,2011,93
3911790_runborg,2012,105
3911790_runborg,2013,121
3911790_runborg,2014,131
3110110_ostra_enebyberg,2000,18
3110110_ostra_enebyberg,2001,12
3110110_ostra_enebyberg,2002,16
3110110_ostra_enebyberg,2003,27
3110110_ostra_enebyberg,2004,46
3110110_ostra_enebyberg,2005,58
3110110_ostra_enebyberg,2006,104
3110110_ostra_enebyberg,2007,126
3110110_ostra_enebyberg,2008,135
3110110_ostra_enebyberg,2009,163
3110110_ostra_enebyberg,2010,182
3110110_ostra_enebyberg,2011,197
3110110_ostra_enebyberg,2012,200
3110110_ostra_enebyberg,2013,216
3110110_ostra_enebyberg,2014,231
3110120_vastra_enebyberg,2000,1
3110120_vastra_enebyberg,2001,1
3110120_vastra_enebyberg,2002,10
3110120_vastra_enebyberg,2003,17
3110120_vastra_enebyberg,2004,20
3110120_vastra_enebyberg,2005,25
3110120_vastra_enebyberg,2006,31
3110120_vastra_enebyberg,2007,55
3110120_vastra_enebyberg,2008,56
3110120_vastra_enebyberg,2009,81
3110120_vastra_enebyberg,2010,96
3110120_vastra_enebyberg,2011,133
3110120_vastra_enebyberg,2012,174
3110120_vastra_enebyberg,2013,201
3110120_vastra_enebyberg,2014,203
3110260_satra,2000,6
3110260_satra,2001,9
3110260_satra,2002,8
3110260_satra,2003,22
3110260_satra,2004,44
3110260_satra,2005,48
3110260_satra,2006,67
3110260_satra,2007,71
3110260_satra,2008,95
3110260_satra,2009,92
3110260_satra,2010,100
3110260_satra,2011,124
3110260_satra,2012,139
3110260_satra,2013,154
3110260_satra,2014,152
3110270_nora,2000,13
3110270_nora,2001,21
3110270_nora,2002,32
3110270_nora,2003,44
3110270_nora,2004,49
3110270_nora,2005,46
3110270_nora,2006,61
3110270_nora,2007,56
3110270_nora,2008,71
3110270_nora,2009,82
3110270_nora,2010,82
3110270_nora,2011,88
3110270_nora,2012,109
3110270_nora,2013,119
3110270_nora,2014,123
3110280_klingsta,2000,-3
3110280_klingsta,2001,-2
3110280_klingsta,2002,-8
3110280_klingsta,2003,5
3110280_klingsta,2004,22
3110280_klingsta,2005,19
3110280_klingsta,2006,30
3110280_klingsta,2007,18
3110280_klingsta,2008,33
3110280_klingsta,2009,48
3110280_klingsta,2010,56
3110280_klingsta,2011,56
3110280_klingsta,2012,55
3110280_klingsta,2013,52
3110280_klingsta,2014,52
3110330_morbyskogen,2000,0
3110330_morbyskogen,2001,-1
3110330_morbyskogen,2002,-7
3110330_morbyskogen,2003,-10
3110330_morbyskogen,2004,-20
3110330_morbyskogen,2005,-21
3110330_morbyskogen,2006,-13
3110330_morbyskogen,2007,-16
3110330_morbyskogen,2008,-15
3110330_morbyskogen,2009,-21
3110330_morbyskogen,2010,-14
3110330_morbyskogen,2011,0
3110330_morbyskogen,2012,2
3110330_morbyskogen,2013,16
3110330_morbyskogen,2014,28
3110340_kevinge,2000,-12
3110340_kevinge,2001,-7
3110340_kevinge,2002,3
3110340_kevinge,2003,-1
3110340_kevinge,2004,-9
3110340_kevinge,2005,-23
3110340_kevinge,2006,-23
3110340_kevinge,2007,-18
3110340_kevinge,2008,-16
3110340_kevinge,2009,-25
3110340_kevinge,2010,-33
3110340_kevinge,2011,-12
3110340_kevinge,2012,-15
3110340_kevinge,2013,-41
3110340_kevinge,2014,-28
3110350_morby_centrum,2000,5
3110350_morby_centrum,2001,1
3110350_morby_centrum,2002,-6
3110350_morby_centrum,2003,-10
3110350_morby_centrum,2004,-16
3110350_morby_centrum,2005,1
3110350_morby_centrum,2006,-12
3110350_morby_centrum,2007,-22
3110350_morby_centrum,2008,-24
3110350_morby_centrum,2009,-33
3110350_morby_centrum,2010,-27
3110350_morby_centrum,2011,-13
3110350_morby_centrum,2012,-19
3110350_morby_centrum,2013,-20
3110350_morby_centrum,2014,-49
3110370_morbylund,2000,-9
3110370_morbylund,2001,-10
3110370_morbylund,2002,-25
3110370_morbylund,2003,-18
3110370_morbylund,2004,-33
3110370_morbylund,2005,-57
3110370_morbylund,2006,-47
3110370_morbylund,2007,-44
3110370_morbylund,2008,-70
3110370_morbylund,2009,-87
3110370_morbylund,2010,-104
3110370_morbylund,2011,-108
3110370_morbylund,2012,-109
3110370_morbylund,2013,-109
3110370_morbylund,2014,-110
3110430_norra_djursholm,2000,0
3110430_norra_djursholm,2001,-22
3110430_norra_djursholm,2002,-20
3110430_norra_djursholm,2003,-24
3110430_norra_djursholm,2004,-50
3110430_norra_djursholm,2005,-53
3110430_norra_djursholm,2006,-47
3110430_norra_djursholm,2007,-47
3110430_norra_djursholm,2008,-56
3110430_norra_djursholm,2009,-48
3110430_norra_djursholm,2010,-38
3110430_norra_djursholm,2011,-25
3110430_norra_djursholm,2012,-26
3110430_norra_djursholm,2013,-34
3110430_norra_djursholm,2014,-26
3110440_sodra_djursholm,2000,-10
3110440_sodra_djursholm,2001,-27
3110440_sodra_djursholm,2002,-25
3110440_sodra_djursholm,2003,-40
3110440_sodra_djursholm,2004,-31
3110440_sodra_djursholm,2005,-34
3110440_sodra_djursholm,2006,-30
3110440_sodra_djursholm,2007,-19
3110440_sodra_djursholm,2008,-22
3110440_sodra_djursholm,2009,-20
3110440_sodra_djursholm,2010,-28
3110440_sodra_djursholm,2011,3
3110440_sodra_djursholm,2012,-10
3110440_sodra_djursholm,2013,-18
3110440_sodra_djursholm,2014,-1
3110450_osby,2000,-9
3110450_osby,2001,-11
3110450_osby,2002,-6
3110450_osby,2003,-10
3110450_osby,2004,3
3110450_osby,2005,2
3110450_osby,2006,3
3110450_osby,2007,4
3110450_osby,2008,20
3110450_osby,2009,16
3110450_osby,2010,24
3110450_osby,2011,40
3110450_osby,2012,29
3110450_osby,2013,36
3110450_osby,2014,26
3110460_ekeby,2000,10
3110460_ekeby,2001,16
3110460_ekeby,2002,25
3110460_ekeby,2003,1
3110460_ekeby,2004,-6
3110460_ekeby,2005,4
3110460_ekeby,2006,17
3110460_ekeby,2007,36
3110460_ekeby,2008,34
3110460_ekeby,2009,46
3110460_ekeby,2010,43
3110460_ekeby,2011,45
3110460_ekeby,2012,53
3110460_ekeby,2013,64
3110460_ekeby,2014,61
3110510_norra_stocksund,2000,9
3110510_norra_stocksund,2001,16
3110510_norra_stocksund,2002,24
3110510_norra_stocksund,2003,19
3110510_norra_stocksund,2004,6
3110510_norra_stocksund,2005,10
3110510_norra_stocksund,2006,27
3110510_norra_stocksund,2007,27
3110510_norra_stocksund,2008,34
3110510_norra_stocksund,2009,23
3110510_norra_stocksund,2010,32
3110510_norra_stocksund,2011,24
3110510_norra_stocksund,2012,24
3110510_norra_stocksund,2013,22
3110510_norra_stocksund,2014,20
3110530_inverness,2000,4
3110530_inverness,2001,8
3110530_inverness,2002,4
3110530_inverness,2003,-14
3110530_inverness,2004,-19
3110530_inverness,2005,-25
3110530_inverness,2006,-13
3110530_inverness,2007,-16
3110530_inverness,2008,-14
3110530_inverness,2009,1
3110530_inverness,2010,-6
3110530_inverness,2011,0
3110530_inverness,2012,-5
3110530_inverness,2013,-10
3110530_inverness,2014,-16
3110540_sodra_stocksund,2000,19
3110540_sodra_stocksund,2001,7
3110540_sodra_stocksund,2002,14
3110540_sodra_stocksund,2003,17
3110540_sodra_stocksund,2004,24
3110540_sodra_stocksund,2005,61
3110540_sodra_stocksund,2006,86
3110540_sodra_stocksund,2007,94
3110540_sodra_stocksund,2008,94
3110540_sodra_stocksund,2009,123
3110540_sodra_stocksund,2010,140
3110540_sodra_stocksund,2011,152
3110540_sodra_stocksund,2012,177
3110540_sodra_stocksund,2013,194
3110540_sodra_stocksund,2014,211
3110610_klockargarden,2000,-5
3110610_klockargarden,2001,2
3110610_klockargarden,2002,-4
3110610_klockargarden,2003,-8
3110610_klockargarden,2004,-10
3110610_klockargarden,2005,-13
3110610_klockargarden,2006,11
3110610_klockargarden,2007,16
3110610_klockargarden,2008,10
3110610_klockargarden,2009,13
3110610_klockargarden,2010,26
3110610_klockargarden,2011,37
3110610_klockargarden,2012,52
3110610_klockargarden,2013,46
3110610_klockargarden,2014,63
3110620_berga,2000,-1
3110620_berga,2001,0
3110620_berga,2002,2
3110620_berga,2003,-1
3110620_berga,2004,-1
3110620_berga,2005,8
3110620_berga,2006,14
3110620_berga,2007,17
3110620_berga,2008,16
3110620_berga,2009,15
3110620_berga,2010,16
3110620_berga,2011,23
3110620_berga,2012,23
3110620_berga,2013,21
3110620_berga,2014,23
3610120_gillberga,2000,0
3610120_gillberga,2001,10
3610120_gillberga,2002,4
3610120_gillberga,2003,12
3610120_gillberga,2004,15
3610120_gillberga,2005,16
3610120_gillberga,2006,22
3610120_gillberga,2007,29
3610120_gillberga,2008,39
3610120_gillberga,2009,46
3610120_gillberga,2010,48
3610120_gillberga,2011,60
3610120_gillberga,2012,66
3610120_gillberga,2013,69
3610120_gillberga,2014,88
3610140_rotsunda,2000,-6
3610140_rotsunda,2001,-6
3610140_rotsunda,2002,-6
3610140_rotsunda,2003,-7
3610140_rotsunda,2004,-15
3610140_rotsunda,2005,-18
3610140_rotsunda,2006,-24
3610140_rotsunda,2007,-23
3610140_rotsunda,2008,-29
3610140_rotsunda,2009,-32
3610140_rotsunda,2010,-44
3610140_rotsunda,2011,-41
3610140_rotsunda,2012,-47
3610140_rotsunda,2013,-51
3610140_rotsunda,2014,-57
3610170_rotebro_centrum,2000,14
3610170_rotebro_centrum,2001,7
3610170_rotebro_centrum,2002,13
3610170_rotebro_centrum,2003,34
3610170_rotebro_centrum,2004,23
3610170_rotebro_centrum,2005,8
3610170_rotebro_centrum,2006,-9
3610170_rotebro_centrum,2007,-26
3610170_rotebro_centrum,2008,-17
3610170_rotebro_centrum,2009,-36
3610170_rotebro_centrum,2010,2
3610170_rotebro_centrum,2011,-8
3610170_rotebro_centrum,2012,-13
3610170_rotebro_centrum,2013,-18
3610170_rotebro_centrum,2014,-16
3610180_rotsunda_gard,2000,26
3610180_rotsunda_gard,2001,32
3610180_rotsunda_gard,2002,43
3610180_rotsunda_gard,2003,13
3610180_rotsunda_gard,2004,-1
3610180_rotsunda_gard,2005,-9
3610180_rotsunda_gard,2006,-26
3610180_rotsunda_gard,2007,-19
3610180_rotsunda_gard,2008,-18
3610180_rotsunda_gard,2009,-17
3610180_rotsunda_gard,2010,-17
3610180_rotsunda_gard,2011,-26
3610180_rotsunda_gard,2012,-37
3610180_rotsunda_gard,2013,-35
3610180_rotsunda_gard,2014,-49
3610210_vastra_viby,2000,15
3610210_vastra_viby,2001,24
3610210_vastra_viby,2002,49
3610210_vastra_viby,2003,66
3610210_vastra_viby,2004,77
3610210_vastra_viby,2005,96
3610210_vastra_viby,2006,109
3610210_vastra_viby,2007,125
3610210_vastra_viby,2008,140
3610210_vastra_viby,2009,148
3610210_vastra_viby,2010,169
3610210_vastra_viby,2011,178
3610210_vastra_viby,2012,188
3610210_vastra_viby,2013,202
3610210_vastra_viby,2014,233
3610230_ostra_viby,2000,2
3610230_ostra_viby,2001,9
3610230_ostra_viby,2002,0
3610230_ostra_viby,2003,7
3610230_ostra_viby,2004,17
3610230_ostra_viby,2005,18
3610230_ostra_viby,2006,36
3610230_ostra_viby,2007,33
3610230_ostra_viby,2008,27
3610230_ostra_viby,2009,27
3610230_ostra_viby,2010,38
3610230_ostra_viby,2011,48
3610230_ostra_viby,2012,51
3610230_ostra_viby,2013,64
3610230_ostra_viby,2014,62
3610310_vastra_norrviken,2000,-9
3610310_vastra_norrviken,2001,3
3610310_vastra_norrviken,2002,5
3610310_vastra_norrviken,2003,-13
3610310_vastra_norrviken,2004,-8
3610310_vastra_norrviken,2005,3
3610310_vastra_norrviken,2006,7
3610310_vastra_norrviken,2007,5
3610310_vastra_norrviken,2008,12
3610310_vastra_norrviken,2009,3
3610310_vastra_norrviken,2010,23
3610310_vastra_norrviken,2011,26
3610310_vastra_norrviken,2012,32
3610310_vastra_norrviken,2013,45
3610310_vastra_norrviken,2014,68
3610330_ostra_norrviken,2000,7
3610330_ostra_norrviken,2001,6
3610330_ostra_norrviken,2002,8
3610330_ostra_norrviken,2003,14
3610330_ostra_norrviken,2004,13
3610330_ostra_norrviken,2005,15
3610330_ostra_norrviken,2006,12
3610330_ostra_norrviken,2007,10
3610330_ostra_norrviken,2008,10
3610330_ostra_norrviken,2009,24
3610330_ostra_norrviken,2010,31
3610330_ostra_norrviken,2011,34
3610330_ostra_norrviken,2012,34
3610330_ostra_norrviken,2013,25
3610330_ostra_norrviken,2014,32
3610400_vaxmora,2000,9
3610400_vaxmora,2001,12
3610400_vaxmora,2002,2
3610400_vaxmora,2003,11
3610400_vaxmora,2004,26
3610400_vaxmora,2005,36
3610400_vaxmora,2006,52
3610400_vaxmora,2007,77
3610400_vaxmora,2008,90
3610400_vaxmora,2009,104
3610400_vaxmora,2010,113
3610400_vaxmora,2011,118
3610400_vaxmora,2012,138
3610400_vaxmora,2013,140
3610400_vaxmora,2014,170
3610510_klasro,2000,5
3610510_klasro,2001,4
3610510_klasro,2002,6
3610510_klasro,2003,6
3610510_klasro,2004,8
3610510_klasro,2005,9
3610510_klasro,2006,12
3610510_klasro,2007,10
3610510_klasro,2008,28
3610510_klasro,2009,36
3610510_klasro,2010,39
3610510_klasro,2011,46
3610510_klasro,2012,48
3610510_klasro,2013,46
3610510_klasro,2014,43
3610530_haggviks_centrum,2000,13
3610530_haggviks_centrum,2001,13
3610530_haggviks_centrum,2002,25
3610530_haggviks_centrum,2003,30
3610530_haggviks_centrum,2004,25
3610530_haggviks_centrum,2005,21
3610530_haggviks_centrum,2006,25
3610530_haggviks_centrum,2007,17
3610530_haggviks_centrum,2008,5
3610530_haggviks_centrum,2009,4
3610530_haggviks_centrum,2010,13
3610530_haggviks_centrum,2011,12
3610530_haggviks_centrum,2012,25
3610530_haggviks_centrum,2013,44
3610530_haggviks_centrum,2014,44
3610540_skalby,2000,0
3610540_skalby,2001,-12
3610540_skalby,2002,-4
3610540_skalby,2003,8
3610540_skalby,2004,25
3610540_skalby,2005,59
3610540_skalby,2006,67
3610540_skalby,2007,73
3610540_skalby,2008,79
3610540_skalby,2009,85
3610540_skalby,2010,95
3610540_skalby,2011,107
3610540_skalby,2012,117
3610540_skalby,2013,135
3610540_skalby,2014,141
3610610_edsbergs_centrum,2000,29
3610610_edsbergs_centrum,2001,12
3610610_edsbergs_centrum,2002,-20
3610610_edsbergs_centrum,2003,-37
3610610_edsbergs_centrum,2004,-88
3610610_edsbergs_centrum,2005,-122
3610610_edsbergs_centrum,2006,-109
3610610_edsbergs_centrum,2007,-118
3610610_edsbergs_centrum,2008,-135
3610610_edsbergs_centrum,2009,-181
3610610_edsbergs_centrum,2010,-201
3610610_edsbergs_centrum,2011,-204
3610610_edsbergs_centrum,2012,-218
3610610_edsbergs_centrum,2013,-220
3610610_edsbergs_centrum,2014,-226
3610650_ovriga_edsberg,2000,21
3610650_ovriga_edsberg,2001,52
3610650_ovriga_edsberg,2002,47
3610650_ovriga_edsberg,2003,59
3610650_ovriga_edsberg,2004,61
3610650_ovriga_edsberg,2005,47
3610650_ovriga_edsberg,2006,50
3610650_ovriga_edsberg,2007,43
3610650_ovriga_edsberg,2008,50
3610650_ovriga_edsberg,2009,49
3610650_ovriga_edsberg,2010,49
3610650_ovriga_edsberg,2011,55
3610650_ovriga_edsberg,2012,77
3610650_ovriga_edsberg,2013,102
3610650_ovriga_edsberg,2014,106
3610660_landsnora,2000,13
3610660_landsnora,2001,11
3610660_landsnora,2002,8
3610660_landsnora,2003,20
3610660_landsnora,2004,25
3610660_landsnora,2005,27
3610660_landsnora,2006,28
3610660_landsnora,2007,37
3610660_landsnora,2008,33
3610660_landsnora,2009,36
3610660_landsnora,2010,56
3610660_landsnora,2011,75
3610660_landsnora,2012,79
3610660_landsnora,2013,100
3610660_landsnora,2014,94
3610670_vasjoomradet,2000,3
3610670_vasjoomradet,2001,3
3610670_vasjoomradet,2002,6
3610670_vasjoomradet,2003,6
3610670_vasjoomradet,2004,12
3610670_vasjoomradet,2005,9
3610670_vasjoomradet,2006,12
3610670_vasjoomradet,2007,9
3610670_vasjoomradet,2008,6
3610670_vasjoomradet,2009,0
3610670_vasjoomradet,2010,0
3610670_vasjoomradet,2011,6
3610670_vasjoomradet,2012,6
3610670_vasjoomradet,2013,7
3610670_vasjoomradet,2014,7
3610680_kvarnskogen,2000,0
3610680_kvarnskogen,2001,0
3610680_kvarnskogen,2002,-2
3610680_kvarnskogen,2003,-5
3610680_kvarnskogen,2004,-5
3610680_kvarnskogen,2005,16
3610680_kvarnskogen,2006,62
3610680_kvarnskogen,2007,81
3610680_kvarnskogen,2008,108
3610680_kvarnskogen,2009,111
3610680_kvarnskogen,2010,121
3610680_kvarnskogen,2011,124
3610680_kvarnskogen,2012,124
3610680_kvarnskogen,2013,130
3610680_kvarnskogen,2014,134
3610730_turebergs_industriomr,2000,32
3610730_turebergs_industriomr,2001,40
3610730_turebergs_industriomr,2002,36
3610730_turebergs_industriomr,2003,46
3610730_turebergs_industriomr,2004,51
3610730_turebergs_industriomr,2005,53
3610730_turebergs_industriomr,2006,49
3610730_turebergs_industriomr,2007,49
3610730_turebergs_industriomr,2008,49
3610730_turebergs_industriomr,2009,86
3610730_turebergs_industriomr,2010,146
3610730_turebergs_industriomr,2011,173
3610730_turebergs_industriomr,2012,171
3610730_turebergs_industriomr,2013,207
3610730_turebergs_industriomr,2014,206
3610750_fagelsangen,2000,5
3610750_fagelsangen,2001,15
3610750_fagelsangen,2002,16
3610750_fagelsangen,2003,20
3610750_fagelsangen,2004,18
3610750_fagelsangen,2005,36
3610750_fagelsangen,2006,39
3610750_fagelsangen,2007,40
3610750_fagelsangen,2008,39
3610750_fagelsangen,2009,48
3610750_fagelsangen,2010,76
3610750_fagelsangen,2011,83
3610750_fagelsangen,2012,96
3610750_fagelsangen,2013,97
3610750_fagelsangen,2014,101
3610760_tojnan,2000,5
3610760_tojnan,2001,18
3610760_tojnan,2002,11
3610760_tojnan,2003,28
3610760_tojnan,2004,47
3610760_tojnan,2005,51
3610760_tojnan,2006,55
3610760_tojnan,2007,58
3610760_tojnan,2008,61
3610760_tojnan,2009,78
3610760_tojnan,2010,96
3610760_tojnan,2011,82
3610760_tojnan,2012,102
3610760_tojnan,2013,124
3610760_tojnan,2014,131
3610770_nytorp,2000,0
3610770_nytorp,2001,1
3610770_nytorp,2002,11
3610770_nytorp,2003,9
3610770_nytorp,2004,30
3610770_nytorp,2005,48
3610770_nytorp,2006,71
3610770_nytorp,2007,86
3610770_nytorp,2008,88
3610770_nytorp,2009,119
3610770_nytorp,2010,122
3610770_nytorp,2011,130
3610770_nytorp,2012,152
3610770_nytorp,2013,157
3610770_nytorp,2014,195
3610780_skansen,2000,7
3610780_skansen,2001,10
3610780_skansen,2002,12
3610780_skansen,2003,17
3610780_skansen,2004,33
3610780_skansen,2005,37
3610780_skansen,2006,53
3610780_skansen,2007,63
3610780_skansen,2008,81
3610780_skansen,2009,112
3610780_skansen,2010,126
3610780_skansen,2011,129
3610780_skansen,2012,128
3610780_skansen,2013,142
3610780_skansen,2014,154
3610810_falkberget,2000,6
3610810_falkberget,2001,7
3610810_falkberget,2002,13
3610810_falkberget,2003,32
3610810_falkberget,2004,33
3610810_falkberget,2005,43
3610810_falkberget,2006,50
3610810_falkberget,2007,53
3610810_falkberget,2008,58
3610810_falkberget,2009,58
3610810_falkberget,2010,58
3610810_falkberget,2011,57
3610810_falkberget,2012,60
3610810_falkberget,2013,63
3610810_falkberget,2014,58
3610830_sjoberg,2000,-19
3610830_sjoberg,2001,-9
3610830_sjoberg,2002,-16
3610830_sjoberg,2003,-18
3610830_sjoberg,2004,-24
3610830_sjoberg,2005,-32
3610830_sjoberg,2006,-6
3610830_sjoberg,2007,7
3610830_sjoberg,2008,-14
3610830_sjoberg,2009,-5
3610830_sjoberg,2010,-2
3610830_sjoberg,2011,12
3610830_sjoberg,2012,16
3610830_sjoberg,2013,20
3610830_sjoberg,2014,32
3610920_ostra_helenelund,2000,10
3610920_ostra_helenelund,2001,22
3610920_ostra_helenelund,2002,54
3610920_ostra_helenelund,2003,73
3610920_ostra_helenelund,2004,92
3610920_ostra_helenelund,2005,102
3610920_ostra_helenelund,2006,139
3610920_ostra_helenelund,2007,174
3610920_ostra_helenelund,2008,197
3610920_ostra_helenelund,2009,218
3610920_ostra_helenelund,2010,226
3610920_ostra_helenelund,2011,259
3610920_ostra_helenelund,2012,261
3610920_ostra_helenelund,2013,263
3610920_ostra_helenelund,2014,287
3610931_tegelhagen,2000,2
3610931_tegelhagen,2001,6
3610931_tegelhagen,2002,2
3610931_tegelhagen,2003,-3
3610931_tegelhagen,2004,-1
3610931_tegelhagen,2005,7
3610931_tegelhagen,2006,8
3610931_tegelhagen,2007,3
3610931_tegelhagen,2008,13
3610931_tegelhagen,2009,22
3610931_tegelhagen,2010,27
3610931_tegelhagen,2011,30
3610931_tegelhagen,2012,36
3610931_tegelhagen,2013,51
3610931_tegelhagen,2014,67
3610940_helenelunds_centrum,2000,-7
3610940_helenelunds_centrum,2001,-18
3610940_helenelunds_centrum,2002,-16
3610940_helenelunds_centrum,2003,-19
3610940_helenelunds_centrum,2004,-25
3610940_helenelunds_centrum,2005,-29
3610940_helenelunds_centrum,2006,-13
3610940_helenelunds_centrum,2007,-25
3610940_helenelunds_centrum,2008,-39
3610940_helenelunds_centrum,2009,-43
3610940_helenelunds_centrum,2010,-52
3610940_helenelunds_centrum,2011,-58
3610940_helenelunds_centrum,2012,-56
3610940_helenelunds_centrum,2013,-39
3610940_helenelunds_centrum,2014,-51
3610951_vastra_helenelund,2000,13
3610951_vastra_helenelund,2001,24
3610951_vastra_helenelund,2002,28
3610951_vastra_helenelund,2003,41
3610951_vastra_helenelund,2004,48
3610951_vastra_helenelund,2005,48
3610951_vastra_helenelund,2006,81
3610951_vastra_helenelund,2007,100
3610951_vastra_helenelund,2008,107
3610951_vastra_helenelund,2009,125
3610951_vastra_helenelund,2010,128
3610951_vastra_helenelund,2011,133
3610951_vastra_helenelund,2012,142
3610951_vastra_helenelund,2013,158
3610951_vastra_helenelund,2014,173
3612710_bagarby,2000,2
3612710_bagarby,2001,15
3612710_bagarby,2002,-19
3612710_bagarby,2003,-50
3612710_bagarby,2004,-69
3612710_bagarby,2005,-102
3612710_bagarby,2006,-126
3612710_bagarby,2007,-153
3612710_bagarby,2008,-176
3612710_bagarby,2009,-197
3612710_bagarby,2010,-192
3612710_bagarby,2011,-220
3612710_bagarby,2012,-216
3612710_bagarby,2013,-206
3612710_bagarby,2014,-193
1010120_skeppsbron,2000,6
1010120_skeppsbron,2001,3
1010120_skeppsbron,2002,5
1010120_skeppsbron,2003,-1
1010120_skeppsbron,2004,-7
1010120_skeppsbron,2005,-10
1010120_skeppsbron,2006,-6
1010120_skeppsbron,2007,0
1010120_skeppsbron,2008,-3
1010120_skeppsbron,2009,-10
1010120_skeppsbron,2010,-6
1010120_skeppsbron,2011,2
1010120_skeppsbron,2012,-7
1010120_skeppsbron,2013,-5
1010120_skeppsbron,2014,9
1010130_munkbron,2000,10
1010130_munkbron,2001,14
1010130_munkbron,2002,-1
1010130_munkbron,2003,-18
1010130_munkbron,2004,-21
1010130_munkbron,2005,-34
1010130_munkbron,2006,-27
1010130_munkbron,2007,-24
1010130_munkbron,2008,-20
1010130_munkbron,2009,-21
1010130_munkbron,2010,-24
1010130_munkbron,2011,-11
1010130_munkbron,2012,0
1010130_munkbron,2013,-3
1010130_munkbron,2014,15
1010140_stortorget,2000,-3
1010140_stortorget,2001,-7
1010140_stortorget,2002,-1
1010140_stortorget,2003,0
1010140_stortorget,2004,-4
1010140_stortorget,2005,-8
1010140_stortorget,2006,-9
1010140_stortorget,2007,-23
1010140_stortorget,2008,-23
1010140_stortorget,2009,-12
1010140_stortorget,2010,-10
1010140_stortorget,2011,-26
1010140_stortorget,2012,-31
1010140_stortorget,2013,-33
1010140_stortorget,2014,-39
1010201_centralstationen_n,2000,1
1010201_centralstationen_n,2001,-9
1010201_centralstationen_n,2002,-23
1010201_centralstationen_n,2003,-25
1010201_centralstationen_n,2004,-28
1010201_centralstationen_n,2005,-35
1010201_centralstationen_n,2006,-34
1010201_centralstationen_n,2007,-36
1010201_centralstationen_n,2008,-48
1010201_centralstationen_n,2009,-49
1010201_centralstationen_n,2010,-59
1010201_centralstationen_n,2011,-62
1010201_centralstationen_n,2012,-69
1010201_centralstationen_n,2013,-88
1010201_centralstationen_n,2014,-95
1010220_klara_kyrka,2000,3
1010220_klara_kyrka,2001,3
1010220_klara_kyrka,2002,31
1010220_klara_kyrka,2003,41
1010220_klara_kyrka,2004,38
1010220_klara_kyrka,2005,37
1010220_klara_kyrka,2006,37
1010220_klara_kyrka,2007,37
1010220_klara_kyrka,2008,35
1010220_klara_kyrka,2009,38
1010220_klara_kyrka,2010,33
1010220_klara_kyrka,2011,29
1010220_klara_kyrka,2012,30
1010220_klara_kyrka,2013,30
1010220_klara_kyrka,2014,30
1010230_centralposten,2000,-4
1010230_centralposten,2001,-4
1010230_centralposten,2002,-4
1010230_centralposten,2003,37
1010230_centralposten,2004,35
1010230_centralposten,2005,44
1010230_centralposten,2006,44
1010230_centralposten,2007,37
1010230_centralposten,2008,43
1010230_centralposten,2009,41
1010230_centralposten,2010,32
1010230_centralposten,2011,28
1010230_centralposten,2012,36
1010230_centralposten,2013,39
1010230_centralposten,2014,37
1010240_oscarsteatern,2000,7
1010240_oscarsteatern,2001,2
1010240_oscarsteatern,2002,9
1010240_oscarsteatern,2003,-3
1010240_oscarsteatern,2004,4
1010240_oscarsteatern,2005,-1
1010240_oscarsteatern,2006,-8
1010240_oscarsteatern,2007,-17
1010240_oscarsteatern,2008,-16
1010240_oscarsteatern,2009,-26
1010240_oscarsteatern,2010,-24
1010240_oscarsteatern,2011,-13
1010240_oscarsteatern,2012,-21
1010240_oscarsteatern,2013,-28
1010240_oscarsteatern,2014,-43
1010250_brunkeberg,2000,2
1010250_brunkeberg,2001,10
1010250_brunkeberg,2002,3
1010250_brunkeberg,2003,9
1010250_brunkeberg,2004,6
1010250_brunkeberg,2005,4
1010250_brunkeberg,2006,2
1010250_brunkeberg,2007,2
1010250_brunkeberg,2008,-5
1010250_brunkeberg,2009,-2
1010250_brunkeberg,2010,6
1010250_brunkeberg,2011,3
1010250_brunkeberg,2012,0
1010250_brunkeberg,2013,-5
1010250_brunkeberg,2014,-7
1010290_oxtorget,2000,1
1010290_oxtorget,2001,-1
1010290_oxtorget,2002,4
1010290_oxtorget,2003,19
1010290_oxtorget,2004,20
1010290_oxtorget,2005,8
1010290_oxtorget,2006,12
1010290_oxtorget,2007,3
1010290_oxtorget,2008,8
1010290_oxtorget,2009,13
1010290_oxtorget,2010,11
1010290_oxtorget,2011,5
1010290_oxtorget,2012,2
1010290_oxtorget,2013,5
1010290_oxtorget,2014,2
1010310_norrlandsgatan,2000,-3
1010310_norrlandsgatan,2001,-3
1010310_norrlandsgatan,2002,6
1010310_norrlandsgatan,2003,2
1010310_norrlandsgatan,2004,2
1010310_norrlandsgatan,2005,5
1010310_norrlandsgatan,2006,15
1010310_norrlandsgatan,2007,11
1010310_norrlandsgatan,2008,8
1010310_norrlandsgatan,2009,7
1010310_norrlandsgatan,2010,7
1010310_norrlandsgatan,2011,3
1010310_norrlandsgatan,2012,7
1010310_norrlandsgatan,2013,12
1010310_norrlandsgatan,2014,12
1110111_brunnsgatan_n,2000,7
1110111_brunnsgatan_n,2001,-3
1110111_brunnsgatan_n,2002,16
1110111_brunnsgatan_n,2003,17
1110111_brunnsgatan_n,2004,7
1110111_brunnsgatan_n,2005,-2
1110111_brunnsgatan_n,2006,-15
1110111_brunnsgatan_n,2007,-26
1110111_brunnsgatan_n,2008,-33
1110111_brunnsgatan_n,2009,-26
1110111_brunnsgatan_n,2010,-20
1110111_brunnsgatan_n,2011,-33
1110111_brunnsgatan_n,2012,-35
1110111_brunnsgatan_n,2013,-44
1110111_brunnsgatan_n,2014,-38
1110112_brunnsgatan_s,2000,-1
1110112_brunnsgatan_s,2001,6
1110112_brunnsgatan_s,2002,6
1110112_brunnsgatan_s,2003,6
1110112_brunnsgatan_s,2004,2
1110112_brunnsgatan_s,2005,11
1110112_brunnsgatan_s,2006,17
1110112_brunnsgatan_s,2007,12
1110112_brunnsgatan_s,2008,15
1110112_brunnsgatan_s,2009,15
1110112_brunnsgatan_s,2010,19
1110112_brunnsgatan_s,2011,26
1110112_brunnsgatan_s,2012,18
1110112_brunnsgatan_s,2013,19
1110112_brunnsgatan_s,2014,25
1110120_johannes_kyrka,2000,-6
1110120_johannes_kyrka,2001,-12
1110120_johannes_kyrka,2002,-5
1110120_johannes_kyrka,2003,11
1110120_johannes_kyrka,2004,6
1110120_johannes_kyrka,2005,4
1110120_johannes_kyrka,2006,-4
1110120_johannes_kyrka,2007,20
1110120_johannes_kyrka,2008,9
1110120_johannes_kyrka,2009,18
1110120_johannes_kyrka,2010,22
1110120_johannes_kyrka,2011,22
1110120_johannes_kyrka,2012,30
1110120_johannes_kyrka,2013,27
1110120_johannes_kyrka,2014,34
1110210_wenner_gren_center,2000,-10
1110210_wenner_gren_center,2001,-19
1110210_wenner_gren_center,2002,-39
1110210_wenner_gren_center,2003,-53
1110210_wenner_gren_center,2004,-66
1110210_wenner_gren_center,2005,-73
1110210_wenner_gren_center,2006,-91
1110210_wenner_gren_center,2007,-119
1110210_wenner_gren_center,2008,-102
1110210_wenner_gren_center,2009,-122
1110210_wenner_gren_center,2010,-102
1110210_wenner_gren_center,2011,-103
1110210_wenner_gren_center,2012,-97
1110210_wenner_gren_center,2013,-91
1110210_wenner_gren_center,2014,-70
1110220_vanadislunden,2000,28
1110220_vanadislunden,2001,45
1110220_vanadislunden,2002,39
1110220_vanadislunden,2003,52
1110220_vanadislunden,2004,19
1110220_vanadislunden,2005,-11
1110220_vanadislunden,2006,5
1110220_vanadislunden,2007,-6
1110220_vanadislunden,2008,30
1110220_vanadislunden,2009,29
1110220_vanadislunden,2010,28
1110220_vanadislunden,2011,38
1110220_vanadislunden,2012,6
1110220_vanadislunden,2013,-41
1110220_vanadislunden,2014,-61
1110230_surbrunnsomradet,2000,12
1110230_surbrunnsomradet,2001,-13
1110230_surbrunnsomradet,2002,-20
1110230_surbrunnsomradet,2003,-25
1110230_surbrunnsomradet,2004,5
1110230_surbrunnsomradet,2005,-23
1110230_surbrunnsomradet,2006,-33
1110230_surbrunnsomradet,2007,-26
1110230_surbrunnsomradet,2008,-24
1110230_surbrunnsomradet,2009,-41
1110230_surbrunnsomradet,2010,-13
1110230_surbrunnsomradet,2011,13
1110230_surbrunnsomradet,2012,8
1110230_surbrunnsomradet,2013,47
1110230_surbrunnsomradet,2014,57
1110240_norra_real,2000,-1
1110240_norra_real,2001,19
1110240_norra_real,2002,31
1110240_norra_real,2003,34
1110240_norra_real,2004,54
1110240_norra_real,2005,62
1110240_norra_real,2006,64
1110240_norra_real,2007,47
1110240_norra_real,2008,36
1110240_norra_real,2009,41
1110240_norra_real,2010,49
1110240_norra_real,2011,45
1110240_norra_real,2012,36
1110240_norra_real,2013,37
1110240_norra_real,2014,22
1110250_elverket,2000,7
1110250_elverket,2001,14
1110250_elverket,2002,12
1110250_elverket,2003,12
1110250_elverket,2004,17
1110250_elverket,2005,21
1110250_elverket,2006,23
1110250_elverket,2007,23
1110250_elverket,2008,20
1110250_elverket,2009,22
1110250_elverket,2010,24
1110250_elverket,2011,22
1110250_elverket,2012,22
1110250_elverket,2013,16
1110250_elverket,2014,8
1120110_tegnerlunden,2000,-1
1120110_tegnerlunden,2001,-10
1120110_tegnerlunden,2002,20
1120110_tegnerlunden,2003,11
1120110_tegnerlunden,2004,-3
1120110_tegnerlunden,2005,11
1120110_tegnerlunden,2006,24
1120110_tegnerlunden,2007,29
1120110_tegnerlunden,2008,18
1120110_tegnerlunden,2009,3
1120110_tegnerlunden,2010,-16
1120110_tegnerlunden,2011,1
1120110_tegnerlunden,2012,-24
1120110_tegnerlunden,2013,-26
1120110_tegnerlunden,2014,-24
1120120_tandlakarhogskolan,2000,-12
1120120_tandlakarhogskolan,2001,-17
1120120_tandlakarhogskolan,2002,-18
1120120_tandlakarhogskolan,2003,-32
1120120_tandlakarhogskolan,2004,-39
1120120_tandlakarhogskolan,2005,-59
1120120_tandlakarhogskolan,2006,-68
1120120_tandlakarhogskolan,2007,-86
1120120_tandlakarhogskolan,2008,-87
1120120_tandlakarhogskolan,2009,-100
1120120_tandlakarhogskolan,2010,-112
1120120_tandlakarhogskolan,2011,-116
1120120_tandlakarhogskolan,2012,-120
1120120_tandlakarhogskolan,2013,-118
1120120_tandlakarhogskolan,2014,-123
1120131_norra_bantorget_o,2000,3
1120131_norra_bantorget_o,2001,0
1120131_norra_bantorget_o,2002,-10
1120131_norra_bantorget_o,2003,-7
1120131_norra_bantorget_o,2004,-4
1120131_norra_bantorget_o,2005,7
1120131_norra_bantorget_o,2006,10
1120131_norra_bantorget_o,2007,9
1120131_norra_bantorget_o,2008,49
1120131_norra_bantorget_o,2009,73
1120131_norra_bantorget_o,2010,68
1120131_norra_bantorget_o,2011,62
1120131_norra_bantorget_o,2012,69
1120131_norra_bantorget_o,2013,64
1120131_norra_bantorget_o,2014,79
1120140_adolf_fredriks_kyrka,2000,-2
1120140_adolf_fredriks_kyrka,2001,-11
1120140_adolf_fredriks_kyrka,2002,-11
1120140_adolf_fredriks_kyrka,2003,-7
1120140_adolf_fredriks_kyrka,2004,1
1120140_adolf_fredriks_kyrka,2005,12
1120140_adolf_fredriks_kyrka,2006,7
1120140_adolf_fredriks_kyrka,2007,12
1120140_adolf_fredriks_kyrka,2008,24
1120140_adolf_fredriks_kyrka,2009,15
1120140_adolf_fredriks_kyrka,2010,14
1120140_adolf_fredriks_kyrka,2011,14
1120140_adolf_fredriks_kyrka,2012,6
1120140_adolf_fredriks_kyrka,2013,17
1120140_adolf_fredriks_kyrka,2014,32
1120150_skandiahuset,2000,0
1120150_skandiahuset,2001,1
1120150_skandiahuset,2002,-7
1120150_skandiahuset,2003,-1
1120150_skandiahuset,2004,-2
1120150_skandiahuset,2005,8
1120150_skandiahuset,2006,4
1120150_skandiahuset,2007,16
1120150_skandiahuset,2008,11
1120150_skandiahuset,2009,11
1120150_skandiahuset,2010,14
1120150_skandiahuset,2011,11
1120150_skandiahuset,2012,21
1120150_skandiahuset,2013,15
1120150_skandiahuset,2014,0
1120210_kungssten,2000,-2
1120210_kungssten,2001,3
1120210_kungssten,2002,-4
1120210_kungssten,2003,-17
1120210_kungssten,2004,-3
1120210_kungssten,2005,0
1120210_kungssten,2006,8
1120210_kungssten,2007,30
1120210_kungssten,2008,45
1120210_kungssten,2009,70
1120210_kungssten,2010,66
1120210_kungssten,2011,65
1120210_kungssten,2012,43
1120210_kungssten,2013,12
1120210_kungssten,2014,-13
1120220_saltmatargatan,2000,2
1120220_saltmatargatan,2001,2
1120220_saltmatargatan,2002,4
1120220_saltmatargatan,2003,6
1120220_saltmatargatan,2004,6
1120220_saltmatargatan,2005,10
1120220_saltmatargatan,2006,18
1120220_saltmatargatan,2007,15
1120220_saltmatargatan,2008,25
1120220_saltmatargatan,2009,28
1120220_saltmatargatan,2010,28
1120220_saltmatargatan,2011,16
1120220_saltmatargatan,2012,16
1120220_saltmatargatan,2013,9
1120220_saltmatargatan,2014,8
1120230_sjokatten,2000,11
1120230_sjokatten,2001,11
1120230_sjokatten,2002,9
1120230_sjokatten,2003,10
1120230_sjokatten,2004,8
1120230_sjokatten,2005,29
1120230_sjokatten,2006,41
1120230_sjokatten,2007,41
1120230_sjokatten,2008,46
1120230_sjokatten,2009,47
1120230_sjokatten,2010,63
1120230_sjokatten,2011,57
1120230_sjokatten,2012,36
1120230_sjokatten,2013,22
1120230_sjokatten,2014,16
1130110_atlasomradet,2000,19
1130110_atlasomradet,2001,46
1130110_atlasomradet,2002,27
1130110_atlasomradet,2003,15
1130110_atlasomradet,2004,22
1130110_atlasomradet,2005,29
1130110_atlasomradet,2006,8
1130110_atlasomradet,2007,15
1130110_atlasomradet,2008,33
1130110_atlasomradet,2009,16
1130110_atlasomradet,2010,18
1130110_atlasomradet,2011,-21
1130110_atlasomradet,2012,-24
1130110_atlasomradet,2013,-22
1130110_atlasomradet,2014,-26
1130120_gustav_vasa_kyrka,2000,10
1130120_gustav_vasa_kyrka,2001,4
1130120_gustav_vasa_kyrka,2002,39
1130120_gustav_vasa_kyrka,2003,48
1130120_gustav_vasa_kyrka,2004,47
1130120_gustav_vasa_kyrka,2005,82
1130120_gustav_vasa_kyrka,2006,115
1130120_gustav_vasa_kyrka,2007,98
1130120_gustav_vasa_kyrka,2008,81
1130120_gustav_vasa_kyrka,2009,78
1130120_gustav_vasa_kyrka,2010,85
1130120_gustav_vasa_kyrka,2011,105
1130120_gustav_vasa_kyrka,2012,123
1130120_gustav_vasa_kyrka,2013,125
1130120_gustav_vasa_kyrka,2014,117
1130130_observatoriegatan,2000,23
1130130_observatoriegatan,2001,4
1130130_observatoriegatan,2002,16
1130130_observatoriegatan,2003,1
1130130_observatoriegatan,2004,33
1130130_observatoriegatan,2005,31
1130130_observatoriegatan,2006,25
1130130_observatoriegatan,2007,35
1130130_observatoriegatan,2008,40
1130130_observatoriegatan,2009,36
1130130_observatoriegatan,2010,53
1130130_observatoriegatan,2011,83
1130130_observatoriegatan,2012,55
1130130_observatoriegatan,2013,61
1130130_observatoriegatan,2014,80
1130140_sabbatsberg,2000,-5
1130140_sabbatsberg,2001,-20
1130140_sabbatsberg,2002,-15
1130140_sabbatsberg,2003,-17
1130140_sabbatsberg,2004,-21
1130140_sabbatsberg,2005,-18
1130140_sabbatsberg,2006,-19
1130140_sabbatsberg,2007,-11
1130140_sabbatsberg,2008,71
1130140_sabbatsberg,2009,317
1130140_sabbatsberg,2010,324
1130140_sabbatsberg,2011,339
1130140_sabbatsberg,2012,326
1130140_sabbatsberg,2013,314
1130140_sabbatsberg,2014,294
1130150_polstjarnan,2000,5
1130150_polstjarnan,2001,15
1130150_polstjarnan,2002,28
1130150_polstjarnan,2003,31
1130150_polstjarnan,2004,41
1130150_polstjarnan,2005,30
1130150_polstjarnan,2006,16
1130150_polstjarnan,2007,9
1130150_polstjarnan,2008,18
1130150_polstjarnan,2009,2
1130150_polstjarnan,2010,24
1130150_polstjarnan,2011,4
1130150_polstjarnan,2012,9
1130150_polstjarnan,2013,1
1130150_polstjarnan,2014,-14
1130170_betlehemskyrkan,2000,-11
1130170_betlehemskyrkan,2001,-3
1130170_betlehemskyrkan,2002,-4
1130170_betlehemskyrkan,2003,12
1130170_betlehemskyrkan,2004,-4
1130170_betlehemskyrkan,2005,2
1130170_betlehemskyrkan,2006,-3
1130170_betlehemskyrkan,2007,-4
1130170_betlehemskyrkan,2008,23
1130170_betlehemskyrkan,2009,-8
1130170_betlehemskyrkan,2010,-43
1130170_betlehemskyrkan,2011,-44
1130170_betlehemskyrkan,2012,-59
1130170_betlehemskyrkan,2013,-88
1130170_betlehemskyrkan,2014,-72
1140110_norrtull,2000,0
1140110_norrtull,2001,3
1140110_norrtull,2002,-3
1140110_norrtull,2003,-3
1140110_norrtull,2004,-2
1140110_norrtull,2005,-2
1140110_norrtull,2006,-2
1140110_norrtull,2007,-3
1140110_norrtull,2008,-8
1140110_norrtull,2009,-15
1140110_norrtull,2010,-10
1140110_norrtull,2011,-6
1140110_norrtull,2012,-18
1140110_norrtull,2013,-17
1140110_norrtull,2014,-11
1140120_tre_liljor,2000,34
1140120_tre_liljor,2001,56
1140120_tre_liljor,2002,51
1140120_tre_liljor,2003,84
1140120_tre_liljor,2004,89
1140120_tre_liljor,2005,98
1140120_tre_liljor,2006,135
1140120_tre_liljor,2007,152
1140120_tre_liljor,2008,125
1140120_tre_liljor,2009,131
1140120_tre_liljor,2010,126
1140120_tre_liljor,2011,122
1140120_tre_liljor,2012,146
1140120_tre_liljor,2013,132
1140120_tre_liljor,2014,130
1140130_matteuskyrka,2000,20
1140130_matteuskyrka,2001,50
1140130_matteuskyrka,2002,109
1140130_matteuskyrka,2003,131
1140130_matteuskyrka,2004,130
1140130_matteuskyrka,2005,133
1140130_matteuskyrka,2006,120
1140130_matteuskyrka,2007,144
1140130_matteuskyrka,2008,165
1140130_matteuskyrka,2009,159
1140130_matteuskyrka,2010,156
1140130_matteuskyrka,2011,153
1140130_matteuskyrka,2012,136
1140130_matteuskyrka,2013,124
1140130_matteuskyrka,2014,149
1140140_halsingehojden,2000,31
1140140_halsingehojden,2001,30
1140140_halsingehojden,2002,33
1140140_halsingehojden,2003,54
1140140_halsingehojden,2004,73
1140140_halsingehojden,2005,82
1140140_halsingehojden,2006,137
1140140_halsingehojden,2007,142
1140140_halsingehojden,2008,174
1140140_halsingehojden,2009,167
1140140_halsingehojden,2010,164
1140140_halsingehojden,2011,184
1140140_halsingehojden,2012,199
1140140_halsingehojden,2013,208
1140140_halsingehojden,2014,178
1140150_centralgaraget,2000,1
1140150_centralgaraget,2001,8
1140150_centralgaraget,2002,-6
1140150_centralgaraget,2003,-5
1140150_centralgaraget,2004,2
1140150_centralgaraget,2005,21
1140150_centralgaraget,2006,6
1140150_centralgaraget,2007,4
1140150_centralgaraget,2008,56
1140150_centralgaraget,2009,54
1140150_centralgaraget,2010,44
1140150_centralgaraget,2011,21
1140150_centralgaraget,2012,17
1140150_centralgaraget,2013,27
1140150_centralgaraget,2014,37
1140210_norra_station_1_norra_station_2,2000,1
1140210_norra_station_1_norra_station_2,2001,0
1140210_norra_station_1_norra_station_2,2002,-5
1140210_norra_station_1_norra_station_2,2003,-9
1140210_norra_station_1_norra_station_2,2004,-15
1140210_norra_station_1_norra_station_2,2005,-7
1140210_norra_station_1_norra_station_2,2006,-14
1140210_norra_station_1_norra_station_2,2007,-14
1140210_norra_station_1_norra_station_2,2008,-15
1140210_norra_station_1_norra_station_2,2009,-26
1140210_norra_station_1_norra_station_2,2010,-30
1140210_norra_station_1_norra_station_2,2011,-32
1140210_norra_station_1_norra_station_2,2012,-22
1140210_norra_station_1_norra_station_2,2013,-26
1140210_norra_station_1_norra_station_2,2014,-23
1140220_birkagarden,2000,-30
1140220_birkagarden,2001,-84
1140220_birkagarden,2002,-151
1140220_birkagarden,2003,-203
1140220_birkagarden,2004,-240
1140220_birkagarden,2005,-334
1140220_birkagarden,2006,-410
1140220_birkagarden,2007,-506
1140220_birkagarden,2008,-572
1140220_birkagarden,2009,-625
1140220_birkagarden,2010,-643
1140220_birkagarden,2011,-705
1140220_birkagarden,2012,-770
1140220_birkagarden,2013,-798
1140220_birkagarden,2014,-839
1140230_rorstrand,2000,3
1140230_rorstrand,2001,35
1140230_rorstrand,2002,89
1140230_rorstrand,2003,113
1140230_rorstrand,2004,93
1140230_rorstrand,2005,128
1140230_rorstrand,2006,110
1140230_rorstrand,2007,54
1140230_rorstrand,2008,101
1140230_rorstrand,2009,121
1140230_rorstrand,2010,116
1140230_rorstrand,2011,140
1140230_rorstrand,2012,143
1140230_rorstrand,2013,125
1140230_rorstrand,2014,93
1140240_rodaberget,2000,14
1140240_rodaberget,2001,7
1140240_rodaberget,2002,9
1140240_rodaberget,2003,-20
1140240_rodaberget,2004,-1
1140240_rodaberget,2005,6
1140240_rodaberget,2006,1
1140240_rodaberget,2007,-3
1140240_rodaberget,2008,21
1140240_rodaberget,2009,-25
1140240_rodaberget,2010,-13
1140240_rodaberget,2011,-63
1140240_rodaberget,2012,-86
1140240_rodaberget,2013,-71
1140240_rodaberget,2014,-76
1140250_s_t_eriksplan,2000,28
1140250_s_t_eriksplan,2001,57
1140250_s_t_eriksplan,2002,63
1140250_s_t_eriksplan,2003,53
1140250_s_t_eriksplan,2004,47
1140250_s_t_eriksplan,2005,49
1140250_s_t_eriksplan,2006,35
1140250_s_t_eriksplan,2007,20
1140250_s_t_eriksplan,2008,28
1140250_s_t_eriksplan,2009,45
1140250_s_t_eriksplan,2010,37
1140250_s_t_eriksplan,2011,27
1140250_s_t_eriksplan,2012,14
1140250_s_t_eriksplan,2013,12
1140250_s_t_eriksplan,2014,-13
1210110_roslagstull,2000,34
1210110_roslagstull,2001,42
1210110_roslagstull,2002,36
1210110_roslagstull,2003,39
1210110_roslagstull,2004,11
1210110_roslagstull,2005,0
1210110_roslagstull,2006,-6
1210110_roslagstull,2007,1
1210110_roslagstull,2008,-18
1210110_roslagstull,2009,12
1210110_roslagstull,2010,46
1210110_roslagstull,2011,54
1210110_roslagstull,2012,65
1210110_roslagstull,2013,15
1210110_roslagstull,2014,22
1210120_larkstaden,2000,7
1210120_larkstaden,2001,-5
1210120_larkstaden,2002,-3
1210120_larkstaden,2003,-3
1210120_larkstaden,2004,14
1210120_larkstaden,2005,34
1210120_larkstaden,2006,45
1210120_larkstaden,2007,33
1210120_larkstaden,2008,42
1210120_larkstaden,2009,66
1210120_larkstaden,2010,88
1210120_larkstaden,2011,90
1210120_larkstaden,2012,77
1210120_larkstaden,2013,42
1210120_larkstaden,2014,37
1210131_danderydsplan_v,2000,3
1210131_danderydsplan_v,2001,6
1210131_danderydsplan_v,2002,26
1210131_danderydsplan_v,2003,56
1210131_danderydsplan_v,2004,58
1210131_danderydsplan_v,2005,51
1210131_danderydsplan_v,2006,54
1210131_danderydsplan_v,2007,47
1210131_danderydsplan_v,2008,64
1210131_danderydsplan_v,2009,57
1210131_danderydsplan_v,2010,54
1210131_danderydsplan_v,2011,41
1210131_danderydsplan_v,2012,50
1210131_danderydsplan_v,2013,62
1210131_danderydsplan_v,2014,99
1210132_danderydsplan_o,2000,23
1210132_danderydsplan_o,2001,28
1210132_danderydsplan_o,2002,19
1210132_danderydsplan_o,2003,26
1210132_danderydsplan_o,2004,52
1210132_danderydsplan_o,2005,40
1210132_danderydsplan_o,2006,47
1210132_danderydsplan_o,2007,51
1210132_danderydsplan_o,2008,63
1210132_danderydsplan_o,2009,55
1210132_danderydsplan_o,2010,64
1210132_danderydsplan_o,2011,78
1210132_danderydsplan_o,2012,85
1210132_danderydsplan_o,2013,86
1210132_danderydsplan_o,2014,93
1210140_eriksberg,2000,15
1210140_eriksberg,2001,27
1210140_eriksberg,2002,27
1210140_eriksberg,2003,21
1210140_eriksberg,2004,19
1210140_eriksberg,2005,35
1210140_eriksberg,2006,50
1210140_eriksberg,2007,48
1210140_eriksberg,2008,62
1210140_eriksberg,2009,89
1210140_eriksberg,2010,79
1210140_eriksberg,2011,79
1210140_eriksberg,2012,74
1210140_eriksberg,2013,65
1210140_eriksberg,2014,72
1210151_stureplan_o,2000,-3
1210151_stureplan_o,2001,0
1210151_stureplan_o,2002,-3
1210151_stureplan_o,2003,-3
1210151_stureplan_o,2004,-4
1210151_stureplan_o,2005,-4
1210151_stureplan_o,2006,-12
1210151_stureplan_o,2007,-9
1210151_stureplan_o,2008,-13
1210151_stureplan_o,2009,-13
1210151_stureplan_o,2010,-24
1210151_stureplan_o,2011,-24
1210151_stureplan_o,2012,-23
1210151_stureplan_o,2013,-27
1210151_stureplan_o,2014,-23
1210161_humlegarden_o,2000,11
1210161_humlegarden_o,2001,6
1210161_humlegarden_o,2002,5
1210161_humlegarden_o,2003,-6
1210161_humlegarden_o,2004,-1
1210161_humlegarden_o,2005,4
1210161_humlegarden_o,2006,-3
1210161_humlegarden_o,2007,-9
1210161_humlegarden_o,2008,-9
1210161_humlegarden_o,2009,-8
1210161_humlegarden_o,2010,-3
1210161_humlegarden_o,2011,-7
1210161_humlegarden_o,2012,-11
1210161_humlegarden_o,2013,2
1210161_humlegarden_o,2014,4
1210171_stureparken_o,2000,3
1210171_stureparken_o,2001,-9
1210171_stureparken_o,2002,-6
1210171_stureparken_o,2003,-1
1210171_stureparken_o,2004,1
1210171_stureparken_o,2005,5
1210171_stureparken_o,2006,-3
1210171_stureparken_o,2007,0
1210171_stureparken_o,2008,7
1210171_stureparken_o,2009,15
1210171_stureparken_o,2010,16
1210171_stureparken_o,2011,23
1210171_stureparken_o,2012,30
1210171_stureparken_o,2013,26
1210171_stureparken_o,2014,29
1210172_stureparken_v,2000,-10
1210172_stureparken_v,2001,2
1210172_stureparken_v,2002,3
1210172_stureparken_v,2003,-1
1210172_stureparken_v,2004,6
1210172_stureparken_v,2005,5
1210172_stureparken_v,2006,15
1210172_stureparken_v,2007,15
1210172_stureparken_v,2008,16
1210172_stureparken_v,2009,18
1210172_stureparken_v,2010,47
1210172_stureparken_v,2011,58
1210172_stureparken_v,2012,70
1210172_stureparken_v,2013,72
1210172_stureparken_v,2014,80
1210210_roslagstulls_sjukhus,2000,1
1210210_roslagstulls_sjukhus,2001,-24
1210210_roslagstulls_sjukhus,2002,-57
1210210_roslagstulls_sjukhus,2003,-76
1210210_roslagstulls_sjukhus,2004,-105
1210210_roslagstulls_sjukhus,2005,-126
1210210_roslagstulls_sjukhus,2006,-148
1210210_roslagstulls_sjukhus,2007,-145
1210210_roslagstulls_sjukhus,2008,-166
1210210_roslagstulls_sjukhus,2009,-195
1210210_roslagstulls_sjukhus,2010,-234
1210210_roslagstulls_sjukhus,2011,-273
1210210_roslagstulls_sjukhus,2012,-313
1210210_roslagstulls_sjukhus,2013,-351
1210210_roslagstulls_sjukhus,2014,-356
1210220_ostra_station,2000,-85
1210220_ostra_station,2001,-159
1210220_ostra_station,2002,-228
1210220_ostra_station,2003,-379
1210220_ostra_station,2004,-436
1210220_ostra_station,2005,-471
1210220_ostra_station,2006,-571
1210220_ostra_station,2007,-721
1210220_ostra_station,2008,-808
1210220_ostra_station,2009,-889
1210220_ostra_station,2010,-936
1210220_ostra_station,2011,-1008
1210220_ostra_station,2012,-1060
1210220_ostra_station,2013,-1127
1210220_ostra_station,2014,-1197
1210320_ekhagen,2000,-124
1210320_ekhagen,2001,-296
1210320_ekhagen,2002,-449
1210320_ekhagen,2003,-673
1210320_ekhagen,2004,-893
1210320_ekhagen,2005,-1101
1210320_ekhagen,2006,-1347
1210320_ekhagen,2007,-1561
1210320_ekhagen,2008,-1710
1210320_ekhagen,2009,-1838
1210320_ekhagen,2010,-1944
1210320_ekhagen,2011,-2100
1210320_ekhagen,2012,-2281
1210320_ekhagen,2013,-2518
1210320_ekhagen,2014,-2740
1210330_frescati,2000,-9
1210330_frescati,2001,-8
1210330_frescati,2002,-8
1210330_frescati,2003,-13
1210330_frescati,2004,-14
1210330_frescati,2005,-16
1210330_frescati,2006,-15
1210330_frescati,2007,-17
1210330_frescati,2008,-27
1210330_frescati,2009,-23
1210330_frescati,2010,-21
1210330_frescati,2011,-24
1210330_frescati,2012,-24
1210330_frescati,2013,-46
1210330_frescati,2014,-40
1210410_centrala_hjorthagen,2000,28
1210410_centrala_hjorthagen,2001,31
1210410_centrala_hjorthagen,2002,40
1210410_centrala_hjorthagen,2003,34
1210410_centrala_hjorthagen,2004,45
1210410_centrala_hjorthagen,2005,57
1210410_centrala_hjorthagen,2006,40
1210410_centrala_hjorthagen,2007,23
1210410_centrala_hjorthagen,2008,15
1210410_centrala_hjorthagen,2009,-23
1210410_centrala_hjorthagen,2010,-26
1210410_centrala_hjorthagen,2011,-24
1210410_centrala_hjorthagen,2012,-29
1210410_centrala_hjorthagen,2013,-40
1210410_centrala_hjorthagen,2014,-15
1220110_ostermalmshallen,2000,-6
1220110_ostermalmshallen,2001,-2
1220110_ostermalmshallen,2002,-16
1220110_ostermalmshallen,2003,-27
1220110_ostermalmshallen,2004,-24
1220110_ostermalmshallen,2005,-26
1220110_ostermalmshallen,2006,-33
1220110_ostermalmshallen,2007,-33
1220110_ostermalmshallen,2008,-31
1220110_ostermalmshallen,2009,-30
1220110_ostermalmshallen,2010,-40
1220110_ostermalmshallen,2011,-49
1220110_ostermalmshallen,2012,-40
1220110_ostermalmshallen,2013,-43
1220110_ostermalmshallen,2014,-36
1220120_dramatiska_teatern,2000,7
1220120_dramatiska_teatern,2001,7
1220120_dramatiska_teatern,2002,7
1220120_dramatiska_teatern,2003,4
1220120_dramatiska_teatern,2004,5
1220120_dramatiska_teatern,2005,6
1220120_dramatiska_teatern,2006,13
1220120_dramatiska_teatern,2007,18
1220120_dramatiska_teatern,2008,17
1220120_dramatiska_teatern,2009,20
1220120_dramatiska_teatern,2010,24
1220120_dramatiska_teatern,2011,26
1220120_dramatiska_teatern,2012,34
1220120_dramatiska_teatern,2013,38
1220120_dramatiska_teatern,2014,25
1220130_ostermalmstorg,2000,-18
1220130_ostermalmstorg,2001,2
1220130_ostermalmstorg,2002,-9
1220130_ostermalmstorg,2003,-9
1220130_ostermalmstorg,2004,4
1220130_ostermalmstorg,2005,18
1220130_ostermalmstorg,2006,-6
1220130_ostermalmstorg,2007,-27
1220130_ostermalmstorg,2008,-40
1220130_ostermalmstorg,2009,-42
1220130_ostermalmstorg,2010,-19
1220130_ostermalmstorg,2011,-23
1220130_ostermalmstorg,2012,-33
1220130_ostermalmstorg,2013,-18
1220130_ostermalmstorg,2014,-12
1220140_skvalberget,2000,1
1220140_skvalberget,2001,-5
1220140_skvalberget,2002,-1
1220140_skvalberget,2003,0
1220140_skvalberget,2004,-10
1220140_skvalberget,2005,-17
1220140_skvalberget,2006,-29
1220140_skvalberget,2007,-18
1220140_skvalberget,2008,-19
1220140_skvalberget,2009,-27
1220140_skvalberget,2010,-14
1220140_skvalberget,2011,-34
1220140_skvalberget,2012,-38
1220140_skvalberget,2013,-36
1220140_skvalberget,2014,-48
1220150_tyskbagaromradet,2000,-11
1220150_tyskbagaromradet,2001,2
1220150_tyskbagaromradet,2002,8
1220150_tyskbagaromradet,2003,13
1220150_tyskbagaromradet,2004,27
1220150_tyskbagaromradet,2005,43
1220150_tyskbagaromradet,2006,31
1220150_tyskbagaromradet,2007,51
1220150_tyskbagaromradet,2008,59
1220150_tyskbagaromradet,2009,64
1220150_tyskbagaromradet,2010,43
1220150_tyskbagaromradet,2011,26
1220150_tyskbagaromradet,2012,20
1220150_tyskbagaromradet,2013,-43
1220150_tyskbagaromradet,2014,-70
1220160_hedvig_eleonora_kyrka,2000,8
1220160_hedvig_eleonora_kyrka,2001,10
1220160_hedvig_eleonora_kyrka,2002,-1
1220160_hedvig_eleonora_kyrka,2003,-6
1220160_hedvig_eleonora_kyrka,2004,-6
1220160_hedvig_eleonora_kyrka,2005,-16
1220160_hedvig_eleonora_kyrka,2006,-13
1220160_hedvig_eleonora_kyrka,2007,-22
1220160_hedvig_eleonora_kyrka,2008,-23
1220160_hedvig_eleonora_kyrka,2009,-10
1220160_hedvig_eleonora_kyrka,2010,-4
1220160_hedvig_eleonora_kyrka,2011,-7
1220160_hedvig_eleonora_kyrka,2012,-14
1220160_hedvig_eleonora_kyrka,2013,-9
1220160_hedvig_eleonora_kyrka,2014,-1
1220170_kronkvarnen,2000,0
1220170_kronkvarnen,2001,3
1220170_kronkvarnen,2002,8
1220170_kronkvarnen,2003,6
1220170_kronkvarnen,2004,13
1220170_kronkvarnen,2005,17
1220170_kronkvarnen,2006,6
1220170_kronkvarnen,2007,10
1220170_kronkvarnen,2008,13
1220170_kronkvarnen,2009,30
1220170_kronkvarnen,2010,33
1220170_kronkvarnen,2011,38
1220170_kronkvarnen,2012,28
1220170_kronkvarnen,2013,18
1220170_kronkvarnen,2014,-5
1230110_karlaplan,2000,-4
1230110_karlaplan,2001,9
1230110_karlaplan,2002,7
1230110_karlaplan,2003,26
1230110_karlaplan,2004,16
1230110_karlaplan,2005,12
1230110_karlaplan,2006,15
1230110_karlaplan,2007,18
1230110_karlaplan,2008,-4
1230110_karlaplan,2009,10
1230110_karlaplan,2010,25
1230110_karlaplan,2011,33
1230110_karlaplan,2012,19
1230110_karlaplan,2013,13
1230110_karlaplan,2014,14
1230120_historiska_musuet,2000,33
1230120_historiska_musuet,2001,30
1230120_historiska_musuet,2002,33
1230120_historiska_musuet,2003,37
1230120_historiska_musuet,2004,26
1230120_historiska_musuet,2005,17
1230120_historiska_musuet,2006,-9
1230120_historiska_musuet,2007,5
1230120_historiska_musuet,2008,5
1230120_historiska_musuet,2009,31
1230120_historiska_musuet,2010,20
1230120_historiska_musuet,2011,11
1230120_historiska_musuet,2012,1
1230120_historiska_musuet,2013,-1
1230120_historiska_musuet,2014,4
1230130_strandvagen,2000,46
1230130_strandvagen,2001,43
1230130_strandvagen,2002,41
1230130_strandvagen,2003,33
1230130_strandvagen,2004,42
1230130_strandvagen,2005,44
1230130_strandvagen,2006,54
1230130_strandvagen,2007,10
1230130_strandvagen,2008,24
1230130_strandvagen,2009,27
1230130_strandvagen,2010,-1
1230130_strandvagen,2011,-4
1230130_strandvagen,2012,-29
1230130_strandvagen,2013,-9
1230130_strandvagen,2014,-34
1230140_oscarskyrkan,2000,1
1230140_oscarskyrkan,2001,0
1230140_oscarskyrkan,2002,-4
1230140_oscarskyrkan,2003,3
1230140_oscarskyrkan,2004,7
1230140_oscarskyrkan,2005,2
1230140_oscarskyrkan,2006,29
1230140_oscarskyrkan,2007,39
1230140_oscarskyrkan,2008,62
1230140_oscarskyrkan,2009,54
1230140_oscarskyrkan,2010,77
1230140_oscarskyrkan,2011,79
1230140_oscarskyrkan,2012,75
1230140_oscarskyrkan,2013,80
1230140_oscarskyrkan,2014,82
1230161_gustav_adolfskyrkan_v,2000,1
1230161_gustav_adolfskyrkan_v,2001,-16
1230161_gustav_adolfskyrkan_v,2002,-10
1230161_gustav_adolfskyrkan_v,2003,3
1230161_gustav_adolfskyrkan_v,2004,0
1230161_gustav_adolfskyrkan_v,2005,-33
1230161_gustav_adolfskyrkan_v,2006,-29
1230161_gustav_adolfskyrkan_v,2007,-11
1230161_gustav_adolfskyrkan_v,2008,1
1230161_gustav_adolfskyrkan_v,2009,39
1230161_gustav_adolfskyrkan_v,2010,45
1230161_gustav_adolfskyrkan_v,2011,60
1230161_gustav_adolfskyrkan_v,2012,72
1230161_gustav_adolfskyrkan_v,2013,71
1230161_gustav_adolfskyrkan_v,2014,72
1230162_gustav_adolfskyrkan_o,2000,20
1230162_gustav_adolfskyrkan_o,2001,1
1230162_gustav_adolfskyrkan_o,2002,-11
1230162_gustav_adolfskyrkan_o,2003,4
1230162_gustav_adolfskyrkan_o,2004,28
1230162_gustav_adolfskyrkan_o,2005,43
1230162_gustav_adolfskyrkan_o,2006,32
1230162_gustav_adolfskyrkan_o,2007,53
1230162_gustav_adolfskyrkan_o,2008,80
1230162_gustav_adolfskyrkan_o,2009,106
1230162_gustav_adolfskyrkan_o,2010,109
1230162_gustav_adolfskyrkan_o,2011,102
1230162_gustav_adolfskyrkan_o,2012,93
1230162_gustav_adolfskyrkan_o,2013,108
1230162_gustav_adolfskyrkan_o,2014,69
1230210_djurgardsstaden,2000,0
1230210_djurgardsstaden,2001,5
1230210_djurgardsstaden,2002,10
1230210_djurgardsstaden,2003,13
1230210_djurgardsstaden,2004,10
1230210_djurgardsstaden,2005,13
1230210_djurgardsstaden,2006,10
1230210_djurgardsstaden,2007,5
1230210_djurgardsstaden,2008,10
1230210_djurgardsstaden,2009,8
1230210_djurgardsstaden,2010,10
1230210_djurgardsstaden,2011,15
1230210_djurgardsstaden,2012,14
1230210_djurgardsstaden,2013,15
1230210_djurgardsstaden,2014,13
1230220_sodra_djurgarden,2000,-1
1230220_sodra_djurgarden,2001,2
1230220_sodra_djurgarden,2002,-1
1230220_sodra_djurgarden,2003,-1
1230220_sodra_djurgarden,2004,-4
1230220_sodra_djurgarden,2005,-7
1230220_sodra_djurgarden,2006,-10
1230220_sodra_djurgarden,2007,-7
1230220_sodra_djurgarden,2008,-10
1230220_sodra_djurgarden,2009,-5
1230220_sodra_djurgarden,2010,-7
1230220_sodra_djurgarden,2011,1
1230220_sodra_djurgarden,2012,7
1230220_sodra_djurgarden,2013,6
1230220_sodra_djurgarden,2014,4
1230300_hastgardet,2000,-10
1230300_hastgardet,2001,-28
1230300_hastgardet,2002,-45
1230300_hastgardet,2003,-57
1230300_hastgardet,2004,-65
1230300_hastgardet,2005,-73
1230300_hastgardet,2006,-84
1230300_hastgardet,2007,-53
1230300_hastgardet,2008,40
1230300_hastgardet,2009,48
1230300_hastgardet,2010,30
1230300_hastgardet,2011,20
1230300_hastgardet,2012,10
1230300_hastgardet,2013,-14
1230300_hastgardet,2014,-35
1230310_olaus_petri_kyrka,2000,0
1230310_olaus_petri_kyrka,2001,21
1230310_olaus_petri_kyrka,2002,2
1230310_olaus_petri_kyrka,2003,1
1230310_olaus_petri_kyrka,2004,-51
1230310_olaus_petri_kyrka,2005,-26
1230310_olaus_petri_kyrka,2006,-14
1230310_olaus_petri_kyrka,2007,-10
1230310_olaus_petri_kyrka,2008,-3
1230310_olaus_petri_kyrka,2009,15
1230310_olaus_petri_kyrka,2010,36
1230310_olaus_petri_kyrka,2011,31
1230310_olaus_petri_kyrka,2012,48
1230310_olaus_petri_kyrka,2013,-5
1230310_olaus_petri_kyrka,2014,-51
1230320_tessinparken,2000,27
1230320_tessinparken,2001,64
1230320_tessinparken,2002,88
1230320_tessinparken,2003,99
1230320_tessinparken,2004,108
1230320_tessinparken,2005,121
1230320_tessinparken,2006,137
1230320_tessinparken,2007,139
1230320_tessinparken,2008,137
1230320_tessinparken,2009,142
1230320_tessinparken,2010,106
1230320_tessinparken,2011,69
1230320_tessinparken,2012,64
1230320_tessinparken,2013,75
1230320_tessinparken,2014,64
1230330_smedsbacken,2000,-48
1230330_smedsbacken,2001,-119
1230330_smedsbacken,2002,-230
1230330_smedsbacken,2003,-290
1230330_smedsbacken,2004,-418
1230330_smedsbacken,2005,-510
1230330_smedsbacken,2006,-526
1230330_smedsbacken,2007,-577
1230330_smedsbacken,2008,-609
1230330_smedsbacken,2009,-635
1230330_smedsbacken,2010,-641
1230330_smedsbacken,2011,-739
1230330_smedsbacken,2012,-847
1230330_smedsbacken,2013,-910
1230330_smedsbacken,2014,-1066
1230350_kampementsbacken,2000,-14
1230350_kampementsbacken,2001,-27
1230350_kampementsbacken,2002,-33
1230350_kampementsbacken,2003,-46
1230350_kampementsbacken,2004,-44
1230350_kampementsbacken,2005,-57
1230350_kampementsbacken,2006,-59
1230350_kampementsbacken,2007,-67
1230350_kampementsbacken,2008,-82
1230350_kampementsbacken,2009,-120
1230350_kampementsbacken,2010,-132
1230350_kampementsbacken,2011,-162
1230350_kampementsbacken,2012,-197
1230350_kampementsbacken,2013,-216
1230350_kampementsbacken,2014,-249
1230360_oregrundsgatan,2000,-14
1230360_oregrundsgatan,2001,-41
1230360_oregrundsgatan,2002,-82
1230360_oregrundsgatan,2003,-98
1230360_oregrundsgatan,2004,-102
1230360_oregrundsgatan,2005,-90
1230360_oregrundsgatan,2006,-128
1230360_oregrundsgatan,2007,-158
1230360_oregrundsgatan,2008,-201
1230360_oregrundsgatan,2009,-230
1230360_oregrundsgatan,2010,-189
1230360_oregrundsgatan,2011,-194
1230360_oregrundsgatan,2012,-203
1230360_oregrundsgatan,2013,-216
1230360_oregrundsgatan,2014,-247
1230390_ladugardsgardet,2000,8
1230390_ladugardsgardet,2001,8
1230390_ladugardsgardet,2002,12
1230390_ladugardsgardet,2003,12
1230390_ladugardsgardet,2004,12
1230390_ladugardsgardet,2005,4
1230390_ladugardsgardet,2006,4
1230390_ladugardsgardet,2007,4
1230390_ladugardsgardet,2008,1
1230390_ladugardsgardet,2009,-4
1230390_ladugardsgardet,2010,-5
1230390_ladugardsgardet,2011,-2
1230390_ladugardsgardet,2012,1
1230390_ladugardsgardet,2013,1
1230390_ladugardsgardet,2014,1
1310100_stadshuset,2000,-3
1310100_stadshuset,2001,-3
1310100_stadshuset,2002,-3
1310100_stadshuset,2003,-3
1310100_stadshuset,2004,-3
1310100_stadshuset,2005,3
1310100_stadshuset,2006,0
1310100_stadshuset,2007,0
1310100_stadshuset,2008,0
1310100_stadshuset,2009,3
1310100_stadshuset,2010,4
1310100_stadshuset,2011,10
1310100_stadshuset,2012,10
1310100_stadshuset,2013,10
1310100_stadshuset,2014,16
1310110_eira,2000,39
1310110_eira,2001,62
1310110_eira,2002,78
1310110_eira,2003,97
1310110_eira,2004,104
1310110_eira,2005,118
1310110_eira,2006,155
1310110_eira,2007,140
1310110_eira,2008,169
1310110_eira,2009,168
1310110_eira,2010,166
1310110_eira,2011,153
1310110_eira,2012,173
1310110_eira,2013,158
1310110_eira,2014,179
1310120_kungsklippan,2000,-3
1310120_kungsklippan,2001,-11
1310120_kungsklippan,2002,11
1310120_kungsklippan,2003,12
1310120_kungsklippan,2004,21
1310120_kungsklippan,2005,30
1310120_kungsklippan,2006,15
1310120_kungsklippan,2007,39
1310120_kungsklippan,2008,48
1310120_kungsklippan,2009,67
1310120_kungsklippan,2010,48
1310120_kungsklippan,2011,45
1310120_kungsklippan,2012,43
1310120_kungsklippan,2013,41
1310120_kungsklippan,2014,7
1310130_kungsbroplan,2000,4
1310130_kungsbroplan,2001,50
1310130_kungsbroplan,2002,39
1310130_kungsbroplan,2003,46
1310130_kungsbroplan,2004,59
1310130_kungsbroplan,2005,84
1310130_kungsbroplan,2006,116
1310130_kungsbroplan,2007,133
1310130_kungsbroplan,2008,134
1310130_kungsbroplan,2009,170
1310130_kungsbroplan,2010,182
1310130_kungsbroplan,2011,173
1310130_kungsbroplan,2012,197
1310130_kungsbroplan,2013,213
1310130_kungsbroplan,2014,206
1310140_tekniska_namndhuset,2000,1
1310140_tekniska_namndhuset,2001,-2
1310140_tekniska_namndhuset,2002,-3
1310140_tekniska_namndhuset,2003,0
1310140_tekniska_namndhuset,2004,4
1310140_tekniska_namndhuset,2005,1
1310140_tekniska_namndhuset,2006,2
1310140_tekniska_namndhuset,2007,0
1310140_tekniska_namndhuset,2008,3
1310140_tekniska_namndhuset,2009,0
1310140_tekniska_namndhuset,2010,-1
1310140_tekniska_namndhuset,2011,17
1310140_tekniska_namndhuset,2012,29
1310140_tekniska_namndhuset,2013,34
1310140_tekniska_namndhuset,2014,34
1310150_landstingshuset,2000,5
1310150_landstingshuset,2001,28
1310150_landstingshuset,2002,42
1310150_landstingshuset,2003,39
1310150_landstingshuset,2004,63
1310150_landstingshuset,2005,80
1310150_landstingshuset,2006,77
1310150_landstingshuset,2007,75
1310150_landstingshuset,2008,82
1310150_landstingshuset,2009,101
1310150_landstingshuset,2010,98
1310150_landstingshuset,2011,86
1310150_landstingshuset,2012,49
1310150_landstingshuset,2013,54
1310150_landstingshuset,2014,46
1310160_pontonjarparken,2000,24
1310160_pontonjarparken,2001,26
1310160_pontonjarparken,2002,8
1310160_pontonjarparken,2003,54
1310160_pontonjarparken,2004,48
1310160_pontonjarparken,2005,52
1310160_pontonjarparken,2006,45
1310160_pontonjarparken,2007,66
1310160_pontonjarparken,2008,32
1310160_pontonjarparken,2009,52
1310160_pontonjarparken,2010,55
1310160_pontonjarparken,2011,54
1310160_pontonjarparken,2012,36
1310160_pontonjarparken,2013,24
1310160_pontonjarparken,2014,9
1310170_s_t_eriks_sjukhus,2000,-2
1310170_s_t_eriks_sjukhus,2001,0
1310170_s_t_eriks_sjukhus,2002,-1
1310170_s_t_eriks_sjukhus,2003,-4
1310170_s_t_eriks_sjukhus,2004,2
1310170_s_t_eriks_sjukhus,2005,-20
1310170_s_t_eriks_sjukhus,2006,-10
1310170_s_t_eriks_sjukhus,2007,-19
1310170_s_t_eriks_sjukhus,2008,-14
1310170_s_t_eriks_sjukhus,2009,8
1310170_s_t_eriks_sjukhus,2010,8
1310170_s_t_eriks_sjukhus,2011,4
1310170_s_t_eriks_sjukhus,2012,13
1310170_s_t_eriks_sjukhus,2013,29
1310170_s_t_eriks_sjukhus,2014,28
1310180_wargentinsgatan,2000,9
1310180_wargentinsgatan,2001,37
1310180_wargentinsgatan,2002,73
1310180_wargentinsgatan,2003,93
1310180_wargentinsgatan,2004,95
1310180_wargentinsgatan,2005,71
1310180_wargentinsgatan,2006,73
1310180_wargentinsgatan,2007,121
1310180_wargentinsgatan,2008,135
1310180_wargentinsgatan,2009,136
1310180_wargentinsgatan,2010,111
1310180_wargentinsgatan,2011,105
1310180_wargentinsgatan,2012,72
1310180_wargentinsgatan,2013,50
1310180_wargentinsgatan,2014,75
1310190_kronoberg,2000,-5
1310190_kronoberg,2001,8
1310190_kronoberg,2002,21
1310190_kronoberg,2003,24
1310190_kronoberg,2004,35
1310190_kronoberg,2005,53
1310190_kronoberg,2006,44
1310190_kronoberg,2007,25
1310190_kronoberg,2008,30
1310190_kronoberg,2009,70
1310190_kronoberg,2010,75
1310190_kronoberg,2011,112
1310190_kronoberg,2012,118
1310190_kronoberg,2013,121
1310190_kronoberg,2014,103
1320110_karlsvik,2000,21
1320110_karlsvik,2001,42
1320110_karlsvik,2002,36
1320110_karlsvik,2003,60
1320110_karlsvik,2004,55
1320110_karlsvik,2005,64
1320110_karlsvik,2006,67
1320110_karlsvik,2007,32
1320110_karlsvik,2008,19
1320110_karlsvik,2009,43
1320110_karlsvik,2010,45
1320110_karlsvik,2011,47
1320110_karlsvik,2012,26
1320110_karlsvik,2013,49
1320110_karlsvik,2014,60
1320120_hemmet,2000,0
1320120_hemmet,2001,18
1320120_hemmet,2002,19
1320120_hemmet,2003,32
1320120_hemmet,2004,40
1320120_hemmet,2005,43
1320120_hemmet,2006,111
1320120_hemmet,2007,134
1320120_hemmet,2008,127
1320120_hemmet,2009,133
1320120_hemmet,2010,139
1320120_hemmet,2011,156
1320120_hemmet,2012,177
1320120_hemmet,2013,196
1320120_hemmet,2014,188
1320130_fridhemsplan,2000,6
1320130_fridhemsplan,2001,16
1320130_fridhemsplan,2002,47
1320130_fridhemsplan,2003,79
1320130_fridhemsplan,2004,83
1320130_fridhemsplan,2005,110
1320130_fridhemsplan,2006,109
1320130_fridhemsplan,2007,106
1320130_fridhemsplan,2008,113
1320130_fridhemsplan,2009,109
1320130_fridhemsplan,2010,117
1320130_fridhemsplan,2011,128
1320130_fridhemsplan,2012,129
1320130_fridhemsplan,2013,132
1320130_fridhemsplan,2014,124
1320140_s_t_eriksgatan,2000,23
1320140_s_t_eriksgatan,2001,9
1320140_s_t_eriksgatan,2002,69
1320140_s_t_eriksgatan,2003,79
1320140_s_t_eriksgatan,2004,48
1320140_s_t_eriksgatan,2005,23
1320140_s_t_eriksgatan,2006,60
1320140_s_t_eriksgatan,2007,74
1320140_s_t_eriksgatan,2008,121
1320140_s_t_eriksgatan,2009,99
1320140_s_t_eriksgatan,2010,114
1320140_s_t_eriksgatan,2011,87
1320140_s_t_eriksgatan,2012,54
1320140_s_t_eriksgatan,2013,71
1320140_s_t_eriksgatan,2014,27
1320150_alstromergatan,2000,-13
1320150_alstromergatan,2001,18
1320150_alstromergatan,2002,45
1320150_alstromergatan,2003,52
1320150_alstromergatan,2004,49
1320150_alstromergatan,2005,46
1320150_alstromergatan,2006,51
1320150_alstromergatan,2007,38
1320150_alstromergatan,2008,-10
1320150_alstromergatan,2009,0
1320150_alstromergatan,2010,11
1320150_alstromergatan,2011,-22
1320150_alstromergatan,2012,-37
1320150_alstromergatan,2013,-80
1320150_alstromergatan,2014,-100
1320210_ralambshov,2000,-3
1320210_ralambshov,2001,0
1320210_ralambshov,2002,3
1320210_ralambshov,2003,11
1320210_ralambshov,2004,13
1320210_ralambshov,2005,1
1320210_ralambshov,2006,4
1320210_ralambshov,2007,-12
1320210_ralambshov,2008,-2
1320210_ralambshov,2009,107
1320210_ralambshov,2010,111
1320210_ralambshov,2011,93
1320210_ralambshov,2012,86
1320210_ralambshov,2013,60
1320210_ralambshov,2014,94
1320220_svedbergsplan,2000,-1
1320220_svedbergsplan,2001,5
1320220_svedbergsplan,2002,16
1320220_svedbergsplan,2003,20
1320220_svedbergsplan,2004,23
1320220_svedbergsplan,2005,22
1320220_svedbergsplan,2006,28
1320220_svedbergsplan,2007,34
1320220_svedbergsplan,2008,35
1320220_svedbergsplan,2009,48
1320220_svedbergsplan,2010,56
1320220_svedbergsplan,2011,48
1320220_svedbergsplan,2012,62
1320220_svedbergsplan,2013,59
1320220_svedbergsplan,2014,50
1320240_mariebergsparken,2000,2
1320240_mariebergsparken,2001,17
1320240_mariebergsparken,2002,18
1320240_mariebergsparken,2003,44
1320240_mariebergsparken,2004,48
1320240_mariebergsparken,2005,44
1320240_mariebergsparken,2006,55
1320240_mariebergsparken,2007,60
1320240_mariebergsparken,2008,55
1320240_mariebergsparken,2009,45
1320240_mariebergsparken,2010,41
1320240_mariebergsparken,2011,38
1320240_mariebergsparken,2012,52
1320240_mariebergsparken,2013,52
1320240_mariebergsparken,2014,56
1320310_ostra_stadshagen,2000,-13
1320310_ostra_stadshagen,2001,-30
1320310_ostra_stadshagen,2002,-27
1320310_ostra_stadshagen,2003,-25
1320310_ostra_stadshagen,2004,-30
1320310_ostra_stadshagen,2005,-24
1320310_ostra_stadshagen,2006,-47
1320310_ostra_stadshagen,2007,-39
1320310_ostra_stadshagen,2008,-51
1320310_ostra_stadshagen,2009,-84
1320310_ostra_stadshagen,2010,-84
1320310_ostra_stadshagen,2011,-82
1320310_ostra_stadshagen,2012,-125
1320310_ostra_stadshagen,2013,-134
1320310_ostra_stadshagen,2014,-156
1320410_vastra_kristineberg,2000,1
1320410_vastra_kristineberg,2001,16
1320410_vastra_kristineberg,2002,13
1320410_vastra_kristineberg,2003,-6
1320410_vastra_kristineberg,2004,17
1320410_vastra_kristineberg,2005,23
1320410_vastra_kristineberg,2006,51
1320410_vastra_kristineberg,2007,50
1320410_vastra_kristineberg,2008,6
1320410_vastra_kristineberg,2009,6
1320410_vastra_kristineberg,2010,9
1320410_vastra_kristineberg,2011,-9
1320410_vastra_kristineberg,2012,-28
1320410_vastra_kristineberg,2013,-25
1320410_vastra_kristineberg,2014,-68
1320420_thorildsplan,2000,-6
1320420_thorildsplan,2001,-16
1320420_thorildsplan,2002,-17
1320420_thorildsplan,2003,-60
1320420_thorildsplan,2004,-17
1320420_thorildsplan,2005,-31
1320420_thorildsplan,2006,-50
1320420_thorildsplan,2007,-23
1320420_thorildsplan,2008,-58
1320420_thorildsplan,2009,-48
1320420_thorildsplan,2010,-46
1320420_thorildsplan,2011,-51
1320420_thorildsplan,2012,-69
1320420_thorildsplan,2013,-101
1320420_thorildsplan,2014,-119
1320500_fredhall,2000,17
1320500_fredhall,2001,38
1320500_fredhall,2002,31
1320500_fredhall,2003,30
1320500_fredhall,2004,5
1320500_fredhall,2005,-44
1320500_fredhall,2006,-8
1320500_fredhall,2007,-25
1320500_fredhall,2008,-60
1320500_fredhall,2009,-95
1320500_fredhall,2010,-95
1320500_fredhall,2011,-126
1320500_fredhall,2012,-120
1320500_fredhall,2013,-148
1320500_fredhall,2014,-152
1330100_lilla_essingen,2000,-3
1330100_lilla_essingen,2001,38
1330100_lilla_essingen,2002,16
1330100_lilla_essingen,2003,66
1330100_lilla_essingen,2004,277
1330100_lilla_essingen,2005,333
1330100_lilla_essingen,2006,512
1330100_lilla_essingen,2007,600
1330100_lilla_essingen,2008,624
1330100_lilla_essingen,2009,589
1330100_lilla_essingen,2010,568
1330100_lilla_essingen,2011,579
1330100_lilla_essingen,2012,556
1330100_lilla_essingen,2013,507
1330100_lilla_essingen,2014,409
1330200_stora_essingen,2000,10
1330200_stora_essingen,2001,41
1330200_stora_essingen,2002,19
1330200_stora_essingen,2003,19
1330200_stora_essingen,2004,8
1330200_stora_essingen,2005,-3
1330200_stora_essingen,2006,-10
1330200_stora_essingen,2007,8
1330200_stora_essingen,2008,8
1330200_stora_essingen,2009,45
1330200_stora_essingen,2010,74
1330200_stora_essingen,2011,61
1330200_stora_essingen,2012,60
1330200_stora_essingen,2013,39
1330200_stora_essingen,2014,37
1410110_mariaberget,2000,-1
1410110_mariaberget,2001,-15
1410110_mariaberget,2002,12
1410110_mariaberget,2003,-3
1410110_mariaberget,2004,-39
1410110_mariaberget,2005,-46
1410110_mariaberget,2006,-67
1410110_mariaberget,2007,-47
1410110_mariaberget,2008,-38
1410110_mariaberget,2009,-32
1410110_mariaberget,2010,-38
1410110_mariaberget,2011,-43
1410110_mariaberget,2012,-43
1410110_mariaberget,2013,-64
1410110_mariaberget,2014,-57
1410120_maria_kyrka,2000,-7
1410120_maria_kyrka,2001,-8
1410120_maria_kyrka,2002,-6
1410120_maria_kyrka,2003,-18
1410120_maria_kyrka,2004,-4
1410120_maria_kyrka,2005,18
1410120_maria_kyrka,2006,36
1410120_maria_kyrka,2007,15
1410120_maria_kyrka,2008,-7
1410120_maria_kyrka,2009,32
1410120_maria_kyrka,2010,33
1410120_maria_kyrka,2011,28
1410120_maria_kyrka,2012,24
1410120_maria_kyrka,2013,-6
1410120_maria_kyrka,2014,-18
1410130_swedenborgsgatan,2000,6
1410130_swedenborgsgatan,2001,18
1410130_swedenborgsgatan,2002,-23
1410130_swedenborgsgatan,2003,-24
1410130_swedenborgsgatan,2004,-30
1410130_swedenborgsgatan,2005,-22
1410130_swedenborgsgatan,2006,-22
1410130_swedenborgsgatan,2007,1
1410130_swedenborgsgatan,2008,37
1410130_swedenborgsgatan,2009,13
1410130_swedenborgsgatan,2010,6
1410130_swedenborgsgatan,2011,0
1410130_swedenborgsgatan,2012,-3
1410130_swedenborgsgatan,2013,-10
1410130_swedenborgsgatan,2014,-14
1410140_gullfjardsplan,2000,1
1410140_gullfjardsplan,2001,2
1410140_gullfjardsplan,2002,-11
1410140_gullfjardsplan,2003,2
1410140_gullfjardsplan,2004,3
1410140_gullfjardsplan,2005,18
1410140_gullfjardsplan,2006,28
1410140_gullfjardsplan,2007,26
1410140_gullfjardsplan,2008,26
1410140_gullfjardsplan,2009,19
1410140_gullfjardsplan,2010,36
1410140_gullfjardsplan,2011,23
1410140_gullfjardsplan,2012,26
1410140_gullfjardsplan,2013,33
1410140_gullfjardsplan,2014,25
1410150_bergsgruvan,2000,-3
1410150_bergsgruvan,2001,-10
1410150_bergsgruvan,2002,-17
1410150_bergsgruvan,2003,-14
1410150_bergsgruvan,2004,-5
1410150_bergsgruvan,2005,10
1410150_bergsgruvan,2006,30
1410150_bergsgruvan,2007,31
1410150_bergsgruvan,2008,16
1410150_bergsgruvan,2009,27
1410150_bergsgruvan,2010,19
1410150_bergsgruvan,2011,5
1410150_bergsgruvan,2012,-18
1410150_bergsgruvan,2013,-14
1410150_bergsgruvan,2014,-10
1410210_sodra_station_vast,2000,3
1410210_sodra_station_vast,2001,14
1410210_sodra_station_vast,2002,10
1410210_sodra_station_vast,2003,18
1410210_sodra_station_vast,2004,-3
1410210_sodra_station_vast,2005,-3
1410210_sodra_station_vast,2006,-8
1410210_sodra_station_vast,2007,-21
1410210_sodra_station_vast,2008,-17
1410210_sodra_station_vast,2009,-29
1410210_sodra_station_vast,2010,-18
1410210_sodra_station_vast,2011,0
1410210_sodra_station_vast,2012,35
1410210_sodra_station_vast,2013,58
1410210_sodra_station_vast,2014,90
1410220_sodra_station_ost,2000,5
1410220_sodra_station_ost,2001,-9
1410220_sodra_station_ost,2002,-1
1410220_sodra_station_ost,2003,-3
1410220_sodra_station_ost,2004,41
1410220_sodra_station_ost,2005,33
1410220_sodra_station_ost,2006,36
1410220_sodra_station_ost,2007,29
1410220_sodra_station_ost,2008,30
1410220_sodra_station_ost,2009,42
1410220_sodra_station_ost,2010,28
1410220_sodra_station_ost,2011,33
1410220_sodra_station_ost,2012,38
1410220_sodra_station_ost,2013,24
1410220_sodra_station_ost,2014,22
1420110_hogalidskyrkan,2000,-2
1420110_hogalidskyrkan,2001,-7
1420110_hogalidskyrkan,2002,18
1420110_hogalidskyrkan,2003,12
1420110_hogalidskyrkan,2004,33
1420110_hogalidskyrkan,2005,3
1420110_hogalidskyrkan,2006,32
1420110_hogalidskyrkan,2007,6
1420110_hogalidskyrkan,2008,27
1420110_hogalidskyrkan,2009,20
1420110_hogalidskyrkan,2010,34
1420110_hogalidskyrkan,2011,11
1420110_hogalidskyrkan,2012,56
1420110_hogalidskyrkan,2013,100
1420110_hogalidskyrkan,2014,53
1420120_skinnarviksringen,2000,11
1420120_skinnarviksringen,2001,1
1420120_skinnarviksringen,2002,14
1420120_skinnarviksringen,2003,5
1420120_skinnarviksringen,2004,5
1420120_skinnarviksringen,2005,-7
1420120_skinnarviksringen,2006,-16
1420120_skinnarviksringen,2007,-49
1420120_skinnarviksringen,2008,-50
1420120_skinnarviksringen,2009,-42
1420120_skinnarviksringen,2010,-47
1420120_skinnarviksringen,2011,-91
1420120_skinnarviksringen,2012,-70
1420120_skinnarviksringen,2013,-69
1420120_skinnarviksringen,2014,-85
1420130_ludvigsberg,2000,3
1420130_ludvigsberg,2001,10
1420130_ludvigsberg,2002,12
1420130_ludvigsberg,2003,21
1420130_ludvigsberg,2004,25
1420130_ludvigsberg,2005,33
1420130_ludvigsberg,2006,37
1420130_ludvigsberg,2007,50
1420130_ludvigsberg,2008,64
1420130_ludvigsberg,2009,74
1420130_ludvigsberg,2010,79
1420130_ludvigsberg,2011,67
1420130_ludvigsberg,2012,75
1420130_ludvigsberg,2013,85
1420130_ludvigsberg,2014,104
1420140_bergsund,2000,16
1420140_bergsund,2001,28
1420140_bergsund,2002,15
1420140_bergsund,2003,26
1420140_bergsund,2004,24
1420140_bergsund,2005,-27
1420140_bergsund,2006,-28
1420140_bergsund,2007,-88
1420140_bergsund,2008,-141
1420140_bergsund,2009,-159
1420140_bergsund,2010,-171
1420140_bergsund,2011,-192
1420140_bergsund,2012,-209
1420140_bergsund,2013,-254
1420140_bergsund,2014,-290
1420210_hornstull,2000,-2
1420210_hornstull,2001,8
1420210_hornstull,2002,4
1420210_hornstull,2003,35
1420210_hornstull,2004,40
1420210_hornstull,2005,63
1420210_hornstull,2006,83
1420210_hornstull,2007,108
1420210_hornstull,2008,138
1420210_hornstull,2009,135
1420210_hornstull,2010,174
1420210_hornstull,2011,230
1420210_hornstull,2012,235
1420210_hornstull,2013,226
1420210_hornstull,2014,235
1420220_bysistappan,2000,2
1420220_bysistappan,2001,11
1420220_bysistappan,2002,18
1420220_bysistappan,2003,20
1420220_bysistappan,2004,26
1420220_bysistappan,2005,17
1420220_bysistappan,2006,30
1420220_bysistappan,2007,47
1420220_bysistappan,2008,42
1420220_bysistappan,2009,51
1420220_bysistappan,2010,43
1420220_bysistappan,2011,39
1420220_bysistappan,2012,53
1420220_bysistappan,2013,55
1420220_bysistappan,2014,67
1420230_sodra_namndhuset,2000,-15
1420230_sodra_namndhuset,2001,-12
1420230_sodra_namndhuset,2002,4
1420230_sodra_namndhuset,2003,-6
1420230_sodra_namndhuset,2004,-4
1420230_sodra_namndhuset,2005,-5
1420230_sodra_namndhuset,2006,-19
1420230_sodra_namndhuset,2007,-13
1420230_sodra_namndhuset,2008,11
1420230_sodra_namndhuset,2009,7
1420230_sodra_namndhuset,2010,6
1420230_sodra_namndhuset,2011,12
1420230_sodra_namndhuset,2012,14
1420230_sodra_namndhuset,2013,2
1420230_sodra_namndhuset,2014,-33
1420240_zinkensdamm,2000,13
1420240_zinkensdamm,2001,41
1420240_zinkensdamm,2002,35
1420240_zinkensdamm,2003,38
1420240_zinkensdamm,2004,20
1420240_zinkensdamm,2005,6
1420240_zinkensdamm,2006,-10
1420240_zinkensdamm,2007,0
1420240_zinkensdamm,2008,3
1420240_zinkensdamm,2009,22
1420240_zinkensdamm,2010,38
1420240_zinkensdamm,2011,46
1420240_zinkensdamm,2012,47
1420240_zinkensdamm,2013,27
1420240_zinkensdamm,2014,37
1420310_sodersjukhuset,2000,-10
1420310_sodersjukhuset,2001,-25
1420310_sodersjukhuset,2002,-30
1420310_sodersjukhuset,2003,-31
1420310_sodersjukhuset,2004,-51
1420310_sodersjukhuset,2005,-51
1420310_sodersjukhuset,2006,-65
1420310_sodersjukhuset,2007,27
1420310_sodersjukhuset,2008,25
1420310_sodersjukhuset,2009,23
1420310_sodersjukhuset,2010,8
1420310_sodersjukhuset,2011,-28
1420310_sodersjukhuset,2012,-50
1420310_sodersjukhuset,2013,-72
1420310_sodersjukhuset,2014,-87
1420320_tanto,2000,-2
1420320_tanto,2001,-9
1420320_tanto,2002,-20
1420320_tanto,2003,10
1420320_tanto,2004,19
1420320_tanto,2005,14
1420320_tanto,2006,45
1420320_tanto,2007,57
1420320_tanto,2008,72
1420320_tanto,2009,58
1420320_tanto,2010,61
1420320_tanto,2011,68
1420320_tanto,2012,76
1420320_tanto,2013,75
1420320_tanto,2014,90
1420330_skoldgatan_syd,2000,0
1420330_skoldgatan_syd,2001,-7
1420330_skoldgatan_syd,2002,-26
1420330_skoldgatan_syd,2003,-23
1420330_skoldgatan_syd,2004,-19
1420330_skoldgatan_syd,2005,-22
1420330_skoldgatan_syd,2006,-33
1420330_skoldgatan_syd,2007,-42
1420330_skoldgatan_syd,2008,-44
1420330_skoldgatan_syd,2009,-50
1420330_skoldgatan_syd,2010,-58
1420330_skoldgatan_syd,2011,-56
1420330_skoldgatan_syd,2012,-32
1420330_skoldgatan_syd,2013,-36
1420330_skoldgatan_syd,2014,-49
1420360_skoldgatan_nord,2000,-7
1420360_skoldgatan_nord,2001,-4
1420360_skoldgatan_nord,2002,-7
1420360_skoldgatan_nord,2003,-13
1420360_skoldgatan_nord,2004,-22
1420360_skoldgatan_nord,2005,-16
1420360_skoldgatan_nord,2006,-24
1420360_skoldgatan_nord,2007,-32
1420360_skoldgatan_nord,2008,-23
1420360_skoldgatan_nord,2009,-21
1420360_skoldgatan_nord,2010,-2
1420360_skoldgatan_nord,2011,-7
1420360_skoldgatan_nord,2012,-12
1420360_skoldgatan_nord,2013,5
1420360_skoldgatan_nord,2014,8
1420410_langholmen,2000,6
1420410_langholmen,2001,6
1420410_langholmen,2002,3
1420410_langholmen,2003,2
1420410_langholmen,2004,5
1420410_langholmen,2005,9
1420410_langholmen,2006,12
1420410_langholmen,2007,9
1420410_langholmen,2008,12
1420410_langholmen,2009,12
1420410_langholmen,2010,11
1420410_langholmen,2011,11
1420410_langholmen,2012,5
1420410_langholmen,2013,8
1420410_langholmen,2014,5
1420420_reimersholme,2000,6
1420420_reimersholme,2001,10
1420420_reimersholme,2002,33
1420420_reimersholme,2003,44
1420420_reimersholme,2004,51
1420420_reimersholme,2005,78
1420420_reimersholme,2006,55
1420420_reimersholme,2007,69
1420420_reimersholme,2008,87
1420420_reimersholme,2009,99
1420420_reimersholme,2010,128
1420420_reimersholme,2011,122
1420420_reimersholme,2012,139
1420420_reimersholme,2013,150
1420420_reimersholme,2014,166
1430120_vastra_aso,2000,12
1430120_vastra_aso,2001,26
1430120_vastra_aso,2002,11
1430120_vastra_aso,2003,12
1430120_vastra_aso,2004,1
1430120_vastra_aso,2005,-2
1430120_vastra_aso,2006,2
1430120_vastra_aso,2007,-8
1430120_vastra_aso,2008,-6
1430120_vastra_aso,2009,14
1430120_vastra_aso,2010,2
1430120_vastra_aso,2011,6
1430120_vastra_aso,2012,27
1430120_vastra_aso,2013,15
1430120_vastra_aso,2014,18
1430130_blekingetappan,2000,5
1430130_blekingetappan,2001,-13
1430130_blekingetappan,2002,32
1430130_blekingetappan,2003,26
1430130_blekingetappan,2004,22
1430130_blekingetappan,2005,41
1430130_blekingetappan,2006,22
1430130_blekingetappan,2007,21
1430130_blekingetappan,2008,54
1430130_blekingetappan,2009,17
1430130_blekingetappan,2010,23
1430130_blekingetappan,2011,41
1430130_blekingetappan,2012,45
1430130_blekingetappan,2013,52
1430130_blekingetappan,2014,31
1430140_helgalunden,2000,-12
1430140_helgalunden,2001,-9
1430140_helgalunden,2002,-23
1430140_helgalunden,2003,-15
1430140_helgalunden,2004,-39
1430140_helgalunden,2005,-34
1430140_helgalunden,2006,-22
1430140_helgalunden,2007,-5
1430140_helgalunden,2008,15
1430140_helgalunden,2009,25
1430140_helgalunden,2010,3
1430140_helgalunden,2011,34
1430140_helgalunden,2012,18
1430140_helgalunden,2013,31
1430140_helgalunden,2014,-27
1430150_eriksdal,2000,-15
1430150_eriksdal,2001,-49
1430150_eriksdal,2002,-5
1430150_eriksdal,2003,13
1430150_eriksdal,2004,5
1430150_eriksdal,2005,7
1430150_eriksdal,2006,13
1430150_eriksdal,2007,8
1430150_eriksdal,2008,19
1430150_eriksdal,2009,15
1430150_eriksdal,2010,19
1430150_eriksdal,2011,-12
1430150_eriksdal,2012,-39
1430150_eriksdal,2013,-50
1430150_eriksdal,2014,-54
1430160_asotorget,2000,28
1430160_asotorget,2001,33
1430160_asotorget,2002,38
1430160_asotorget,2003,37
1430160_asotorget,2004,27
1430160_asotorget,2005,26
1430160_asotorget,2006,28
1430160_asotorget,2007,122
1430160_asotorget,2008,123
1430160_asotorget,2009,104
1430160_asotorget,2010,133
1430160_asotorget,2011,157
1430160_asotorget,2012,72
1430160_asotorget,2013,8
1430160_asotorget,2014,-61
1430180_rosenlund,2000,3
1430180_rosenlund,2001,1
1430180_rosenlund,2002,9
1430180_rosenlund,2003,10
1430180_rosenlund,2004,6
1430180_rosenlund,2005,-3
1430180_rosenlund,2006,47
1430180_rosenlund,2007,46
1430180_rosenlund,2008,47
1430180_rosenlund,2009,52
1430180_rosenlund,2010,55
1430180_rosenlund,2011,45
1430180_rosenlund,2012,47
1430180_rosenlund,2013,52
1430180_rosenlund,2014,64
1430210_mosebacke,2000,11
1430210_mosebacke,2001,11
1430210_mosebacke,2002,13
1430210_mosebacke,2003,6
1430210_mosebacke,2004,-9
1430210_mosebacke,2005,-6
1430210_mosebacke,2006,6
1430210_mosebacke,2007,-39
1430210_mosebacke,2008,-32
1430210_mosebacke,2009,-20
1430210_mosebacke,2010,-27
1430210_mosebacke,2011,-12
1430210_mosebacke,2012,-28
1430210_mosebacke,2013,-39
1430210_mosebacke,2014,-51
1430220_ostra_aso,2000,31
1430220_ostra_aso,2001,35
1430220_ostra_aso,2002,11
1430220_ostra_aso,2003,22
1430220_ostra_aso,2004,25
1430220_ostra_aso,2005,33
1430220_ostra_aso,2006,-5
1430220_ostra_aso,2007,-37
1430220_ostra_aso,2008,-25
1430220_ostra_aso,2009,-3
1430220_ostra_aso,2010,6
1430220_ostra_aso,2011,32
1430220_ostra_aso,2012,-9
1430220_ostra_aso,2013,-11
1430220_ostra_aso,2014,-52
1430230_katarina_kyrka,2000,-9
1430230_katarina_kyrka,2001,0
1430230_katarina_kyrka,2002,-4
1430230_katarina_kyrka,2003,30
1430230_katarina_kyrka,2004,26
1430230_katarina_kyrka,2005,34
1430230_katarina_kyrka,2006,31
1430230_katarina_kyrka,2007,63
1430230_katarina_kyrka,2008,80
1430230_katarina_kyrka,2009,45
1430230_katarina_kyrka,2010,31
1430230_katarina_kyrka,2011,19
1430230_katarina_kyrka,2012,5
1430230_katarina_kyrka,2013,23
1430230_katarina_kyrka,2014,12
1430240_bjurholmsplan,2000,-24
1430240_bjurholmsplan,2001,-22
1430240_bjurholmsplan,2002,-30
1430240_bjurholmsplan,2003,-31
1430240_bjurholmsplan,2004,-47
1430240_bjurholmsplan,2005,-44
1430240_bjurholmsplan,2006,-38
1430240_bjurholmsplan,2007,-45
1430240_bjurholmsplan,2008,-52
1430240_bjurholmsplan,2009,-31
1430240_bjurholmsplan,2010,-12
1430240_bjurholmsplan,2011,-28
1430240_bjurholmsplan,2012,-46
1430240_bjurholmsplan,2013,-74
1430240_bjurholmsplan,2014,-105
1430250_nytorget,2000,14
1430250_nytorget,2001,19
1430250_nytorget,2002,-9
1430250_nytorget,2003,22
1430250_nytorget,2004,-11
1430250_nytorget,2005,17
1430250_nytorget,2006,38
1430250_nytorget,2007,44
1430250_nytorget,2008,70
1430250_nytorget,2009,51
1430250_nytorget,2010,11
1430250_nytorget,2011,15
1430250_nytorget,2012,45
1430250_nytorget,2013,-10
1430250_nytorget,2014,-42
1440110_ersta,2000,2
1440110_ersta,2001,-15
1440110_ersta,2002,-19
1440110_ersta,2003,-21
1440110_ersta,2004,-29
1440110_ersta,2005,-36
1440110_ersta,2006,-46
1440110_ersta,2007,-31
1440110_ersta,2008,-34
1440110_ersta,2009,-58
1440110_ersta,2010,-50
1440110_ersta,2011,-65
1440110_ersta,2012,-69
1440110_ersta,2013,-75
1440110_ersta,2014,-99
1440120_sofia_kyrka,2000,30
1440120_sofia_kyrka,2001,39
1440120_sofia_kyrka,2002,30
1440120_sofia_kyrka,2003,-4
1440120_sofia_kyrka,2004,-14
1440120_sofia_kyrka,2005,-13
1440120_sofia_kyrka,2006,-52
1440120_sofia_kyrka,2007,-45
1440120_sofia_kyrka,2008,-57
1440120_sofia_kyrka,2009,-48
1440120_sofia_kyrka,2010,-93
1440120_sofia_kyrka,2011,-91
1440120_sofia_kyrka,2012,-95
1440120_sofia_kyrka,2013,-61
1440120_sofia_kyrka,2014,-87
1440210_tullgarden,2000,-5
1440210_tullgarden,2001,-1
1440210_tullgarden,2002,-4
1440210_tullgarden,2003,-15
1440210_tullgarden,2004,-22
1440210_tullgarden,2005,-15
1440210_tullgarden,2006,5
1440210_tullgarden,2007,16
1440210_tullgarden,2008,0
1440210_tullgarden,2009,-15
1440210_tullgarden,2010,-20
1440210_tullgarden,2011,-28
1440210_tullgarden,2012,-36
1440210_tullgarden,2013,-47
1440210_tullgarden,2014,-37
1440220_vita_bergen,2000,5
1440220_vita_bergen,2001,-15
1440220_vita_bergen,2002,-4
1440220_vita_bergen,2003,-43
1440220_vita_bergen,2004,-29
1440220_vita_bergen,2005,4
1440220_vita_bergen,2006,42
1440220_vita_bergen,2007,66
1440220_vita_bergen,2008,131
1440220_vita_bergen,2009,107
1440220_vita_bergen,2010,107
1440220_vita_bergen,2011,94
1440220_vita_bergen,2012,83
1440220_vita_bergen,2013,73
1440220_vita_bergen,2014,74
1440230_blecktornet,2000,7
1440230_blecktornet,2001,27
1440230_blecktornet,2002,14
1440230_blecktornet,2003,17
1440230_blecktornet,2004,25
1440230_blecktornet,2005,19
1440230_blecktornet,2006,12
1440230_blecktornet,2007,12
1440230_blecktornet,2008,7
1440230_blecktornet,2009,15
1440230_blecktornet,2010,8
1440230_blecktornet,2011,-12
1440230_blecktornet,2012,-3
1440230_blecktornet,2013,0
1440230_blecktornet,2014,-1
1440240_vintertullen,2000,8
1440240_vintertullen,2001,10
1440240_vintertullen,2002,-4
1440240_vintertullen,2003,-3
1440240_vintertullen,2004,5
1440240_vintertullen,2005,10
1440240_vintertullen,2006,19
1440240_vintertullen,2007,18
1440240_vintertullen,2008,24
1440240_vintertullen,2009,32
1440240_vintertullen,2010,40
1440240_vintertullen,2011,49
1440240_vintertullen,2012,54
1440240_vintertullen,2013,58
1440240_vintertullen,2014,71
1440250_barnangen,2000,131
1440250_barnangen,2001,139
1440250_barnangen,2002,140
1440250_barnangen,2003,183
1440250_barnangen,2004,229
1440250_barnangen,2005,250
1440250_barnangen,2006,272
1440250_barnangen,2007,281
1440250_barnangen,2008,282
1440250_barnangen,2009,285
1440250_barnangen,2010,286
1440250_barnangen,2011,295
1440250_barnangen,2012,292
1440250_barnangen,2013,306
1440250_barnangen,2014,295
1440260_mjardgrand,2000,10
1440260_mjardgrand,2001,15
1440260_mjardgrand,2002,11
1440260_mjardgrand,2003,12
1440260_mjardgrand,2004,16
1440260_mjardgrand,2005,15
1440260_mjardgrand,2006,34
1440260_mjardgrand,2007,36
1440260_mjardgrand,2008,22
1440260_mjardgrand,2009,19
1440260_mjardgrand,2010,24
1440260_mjardgrand,2011,24
1440260_mjardgrand,2012,15
1440260_mjardgrand,2013,19
1440260_mjardgrand,2014,23
1440311_danviken_n,2000,-11
1440311_danviken_n,2001,-26
1440311_danviken_n,2002,-22
1440311_danviken_n,2003,-37
1440311_danviken_n,2004,-34
1440311_danviken_n,2005,-28
1440311_danviken_n,2006,-27
1440311_danviken_n,2007,-26
1440311_danviken_n,2008,-31
1440311_danviken_n,2009,16
1440311_danviken_n,2010,155
1440311_danviken_n,2011,324
1440311_danviken_n,2012,455
1440311_danviken_n,2013,539
1440311_danviken_n,2014,530
1440312_danviken_s,2000,18
1440312_danviken_s,2001,240
1440312_danviken_s,2002,533
1440312_danviken_s,2003,790
1440312_danviken_s,2004,843
1440312_danviken_s,2005,989
1440312_danviken_s,2006,1059
1440312_danviken_s,2007,1254
1440312_danviken_s,2008,1416
1440312_danviken_s,2009,1390
1440312_danviken_s,2010,1367
1440312_danviken_s,2011,1355
1440312_danviken_s,2012,1328
1440312_danviken_s,2013,1318
1440312_danviken_s,2014,1294
2110120_sankt_sigfrid,2000,0
2110120_sankt_sigfrid,2001,43
2110120_sankt_sigfrid,2002,36
2110120_sankt_sigfrid,2003,53
2110120_sankt_sigfrid,2004,44
2110120_sankt_sigfrid,2005,49
2110120_sankt_sigfrid,2006,60
2110120_sankt_sigfrid,2007,73
2110120_sankt_sigfrid,2008,33
2110120_sankt_sigfrid,2009,68
2110120_sankt_sigfrid,2010,128
2110120_sankt_sigfrid,2011,139
2110120_sankt_sigfrid,2012,138
2110120_sankt_sigfrid,2013,146
2110120_sankt_sigfrid,2014,156
2110130_ornsberg_nord_ost,2000,22
2110130_ornsberg_nord_ost,2001,19
2110130_ornsberg_nord_ost,2002,5
2110130_ornsberg_nord_ost,2003,13
2110130_ornsberg_nord_ost,2004,10
2110130_ornsberg_nord_ost,2005,16
2110130_ornsberg_nord_ost,2006,26
2110130_ornsberg_nord_ost,2007,34
2110130_ornsberg_nord_ost,2008,42
2110130_ornsberg_nord_ost,2009,35
2110130_ornsberg_nord_ost,2010,91
2110130_ornsberg_nord_ost,2011,91
2110130_ornsberg_nord_ost,2012,102
2110130_ornsberg_nord_ost,2013,96
2110130_ornsberg_nord_ost,2014,89
2110140_vinterviken,2000,-2
2110140_vinterviken,2001,8
2110140_vinterviken,2002,24
2110140_vinterviken,2003,41
2110140_vinterviken,2004,42
2110140_vinterviken,2005,52
2110140_vinterviken,2006,56
2110140_vinterviken,2007,62
2110140_vinterviken,2008,71
2110140_vinterviken,2009,91
2110140_vinterviken,2010,83
2110140_vinterviken,2011,96
2110140_vinterviken,2012,89
2110140_vinterviken,2013,99
2110140_vinterviken,2014,105
2110150_ornsberg_syd_ost,2000,0
2110150_ornsberg_syd_ost,2001,0
2110150_ornsberg_syd_ost,2002,6
2110150_ornsberg_syd_ost,2003,3
2110150_ornsberg_syd_ost,2004,0
2110150_ornsberg_syd_ost,2005,3
2110150_ornsberg_syd_ost,2006,3
2110150_ornsberg_syd_ost,2007,0
2110150_ornsberg_syd_ost,2008,0
2110150_ornsberg_syd_ost,2009,6
2110150_ornsberg_syd_ost,2010,10
2110150_ornsberg_syd_ost,2011,13
2110150_ornsberg_syd_ost,2012,10
2110150_ornsberg_syd_ost,2013,10
2110150_ornsberg_syd_ost,2014,7
2110220_ostra_grondal,2000,-8
2110220_ostra_grondal,2001,23
2110220_ostra_grondal,2002,62
2110220_ostra_grondal,2003,84
2110220_ostra_grondal,2004,171
2110220_ostra_grondal,2005,254
2110220_ostra_grondal,2006,284
2110220_ostra_grondal,2007,295
2110220_ostra_grondal,2008,304
2110220_ostra_grondal,2009,339
2110220_ostra_grondal,2010,394
2110220_ostra_grondal,2011,421
2110220_ostra_grondal,2012,427
2110220_ostra_grondal,2013,435
2110220_ostra_grondal,2014,432
2110230_ekensberg,2000,8
2110230_ekensberg,2001,5
2110230_ekensberg,2002,2
2110230_ekensberg,2003,3
2110230_ekensberg,2004,3
2110230_ekensberg,2005,7
2110230_ekensberg,2006,6
2110230_ekensberg,2007,12
2110230_ekensberg,2008,50
2110230_ekensberg,2009,65
2110230_ekensberg,2010,62
2110230_ekensberg,2011,67
2110230_ekensberg,2012,90
2110230_ekensberg,2013,89
2110230_ekensberg,2014,114
2110310_axelsbergs_torg,2000,0
2110310_axelsbergs_torg,2001,0
2110310_axelsbergs_torg,2002,0
2110310_axelsbergs_torg,2003,0
2110310_axelsbergs_torg,2004,0
2110310_axelsbergs_torg,2005,0
2110310_axelsbergs_torg,2006,0
2110310_axelsbergs_torg,2007,0
2110310_axelsbergs_torg,2008,3
2110310_axelsbergs_torg,2009,3
2110310_axelsbergs_torg,2010,2
2110310_axelsbergs_torg,2011,2
2110310_axelsbergs_torg,2012,2
2110310_axelsbergs_torg,2013,2
2110310_axelsbergs_torg,2014,2
2110320_klubbacken,2000,-5
2110320_klubbacken,2001,5
2110320_klubbacken,2002,0
2110320_klubbacken,2003,-3
2110320_klubbacken,2004,-10
2110320_klubbacken,2005,-1
2110320_klubbacken,2006,-15
2110320_klubbacken,2007,-11
2110320_klubbacken,2008,3
2110320_klubbacken,2009,-10
2110320_klubbacken,2010,29
2110320_klubbacken,2011,14
2110320_klubbacken,2012,6
2110320_klubbacken,2013,3
2110320_klubbacken,2014,4
2110330_axelsberg_syd_ost,2000,-4
2110330_axelsberg_syd_ost,2001,-5
2110330_axelsberg_syd_ost,2002,-4
2110330_axelsberg_syd_ost,2003,-5
2110330_axelsberg_syd_ost,2004,-3
2110330_axelsberg_syd_ost,2005,-7
2110330_axelsberg_syd_ost,2006,-8
2110330_axelsberg_syd_ost,2007,-11
2110330_axelsberg_syd_ost,2008,4
2110330_axelsberg_syd_ost,2009,2
2110330_axelsberg_syd_ost,2010,55
2110330_axelsberg_syd_ost,2011,117
2110330_axelsberg_syd_ost,2012,107
2110330_axelsberg_syd_ost,2013,124
2110330_axelsberg_syd_ost,2014,121
2110340_stensborg,2000,2
2110340_stensborg,2001,12
2110340_stensborg,2002,16
2110340_stensborg,2003,17
2110340_stensborg,2004,17
2110340_stensborg,2005,24
2110340_stensborg,2006,32
2110340_stensborg,2007,45
2110340_stensborg,2008,49
2110340_stensborg,2009,51
2110340_stensborg,2010,69
2110340_stensborg,2011,68
2110340_stensborg,2012,65
2110340_stensborg,2013,76
2110340_stensborg,2014,74
2110350_sankt_mickelsgatan,2000,8
2110350_sankt_mickelsgatan,2001,27
2110350_sankt_mickelsgatan,2002,27
2110350_sankt_mickelsgatan,2003,37
2110350_sankt_mickelsgatan,2004,54
2110350_sankt_mickelsgatan,2005,65
2110350_sankt_mickelsgatan,2006,72
2110350_sankt_mickelsgatan,2007,81
2110350_sankt_mickelsgatan,2008,94
2110350_sankt_mickelsgatan,2009,112
2110350_sankt_mickelsgatan,2010,121
2110350_sankt_mickelsgatan,2011,128
2110350_sankt_mickelsgatan,2012,136
2110350_sankt_mickelsgatan,2013,164
2110350_sankt_mickelsgatan,2014,175
2110370_ornsberg_syd_vast,2000,-8
2110370_ornsberg_syd_vast,2001,-12
2110370_ornsberg_syd_vast,2002,-7
2110370_ornsberg_syd_vast,2003,-7
2110370_ornsberg_syd_vast,2004,-21
2110370_ornsberg_syd_vast,2005,-13
2110370_ornsberg_syd_vast,2006,-1
2110370_ornsberg_syd_vast,2007,-3
2110370_ornsberg_syd_vast,2008,-9
2110370_ornsberg_syd_vast,2009,-20
2110370_ornsberg_syd_vast,2010,-19
2110370_ornsberg_syd_vast,2011,-19
2110370_ornsberg_syd_vast,2012,-17
2110370_ornsberg_syd_vast,2013,-25
2110370_ornsberg_syd_vast,2014,-30
2110380_hagerstenshamnen,2000,22
2110380_hagerstenshamnen,2001,21
2110380_hagerstenshamnen,2002,25
2110380_hagerstenshamnen,2003,22
2110380_hagerstenshamnen,2004,29
2110380_hagerstenshamnen,2005,29
2110380_hagerstenshamnen,2006,20
2110380_hagerstenshamnen,2007,20
2110380_hagerstenshamnen,2008,35
2110380_hagerstenshamnen,2009,49
2110380_hagerstenshamnen,2010,51
2110380_hagerstenshamnen,2011,56
2110380_hagerstenshamnen,2012,60
2110380_hagerstenshamnen,2013,61
2110380_hagerstenshamnen,2014,63
2110390_axelsberg_nord,2000,0
2110390_axelsberg_nord,2001,6
2110390_axelsberg_nord,2002,20
2110390_axelsberg_nord,2003,18
2110390_axelsberg_nord,2004,20
2110390_axelsberg_nord,2005,29
2110390_axelsberg_nord,2006,38
2110390_axelsberg_nord,2007,42
2110390_axelsberg_nord,2008,53
2110390_axelsberg_nord,2009,47
2110390_axelsberg_nord,2010,61
2110390_axelsberg_nord,2011,59
2110390_axelsberg_nord,2012,50
2110390_axelsberg_nord,2013,50
2110390_axelsberg_nord,2014,49
2110520_norra_hagerstensasen,2000,-14
2110520_norra_hagerstensasen,2001,-12
2110520_norra_hagerstensasen,2002,-20
2110520_norra_hagerstensasen,2003,-37
2110520_norra_hagerstensasen,2004,-4
2110520_norra_hagerstensasen,2005,-8
2110520_norra_hagerstensasen,2006,4
2110520_norra_hagerstensasen,2007,-1
2110520_norra_hagerstensasen,2008,-11
2110520_norra_hagerstensasen,2009,-33
2110520_norra_hagerstensasen,2010,-28
2110520_norra_hagerstensasen,2011,-32
2110520_norra_hagerstensasen,2012,-64
2110520_norra_hagerstensasen,2013,-68
2110520_norra_hagerstensasen,2014,-59
2110530_sodra_hagerstensasen,2000,46
2110530_sodra_hagerstensasen,2001,34
2110530_sodra_hagerstensasen,2002,52
2110530_sodra_hagerstensasen,2003,53
2110530_sodra_hagerstensasen,2004,18
2110530_sodra_hagerstensasen,2005,-4
2110530_sodra_hagerstensasen,2006,-4
2110530_sodra_hagerstensasen,2007,8
2110530_sodra_hagerstensasen,2008,-15
2110530_sodra_hagerstensasen,2009,-26
2110530_sodra_hagerstensasen,2010,-4
2110530_sodra_hagerstensasen,2011,4
2110530_sodra_hagerstensasen,2012,-25
2110530_sodra_hagerstensasen,2013,-3
2110530_sodra_hagerstensasen,2014,-81
2110620_nybohov,2000,-4
2110620_nybohov,2001,11
2110620_nybohov,2002,5
2110620_nybohov,2003,3
2110620_nybohov,2004,-4
2110620_nybohov,2005,-16
2110620_nybohov,2006,4
2110620_nybohov,2007,45
2110620_nybohov,2008,77
2110620_nybohov,2009,139
2110620_nybohov,2010,133
2110620_nybohov,2011,121
2110620_nybohov,2012,105
2110620_nybohov,2013,91
2110620_nybohov,2014,84
2110650_liljeholmsberget,2000,10
2110650_liljeholmsberget,2001,9
2110650_liljeholmsberget,2002,16
2110650_liljeholmsberget,2003,30
2110650_liljeholmsberget,2004,29
2110650_liljeholmsberget,2005,24
2110650_liljeholmsberget,2006,34
2110650_liljeholmsberget,2007,37
2110650_liljeholmsberget,2008,42
2110650_liljeholmsberget,2009,39
2110650_liljeholmsberget,2010,39
2110650_liljeholmsberget,2011,44
2110650_liljeholmsberget,2012,45
2110650_liljeholmsberget,2013,46
2110650_liljeholmsberget,2014,46
2110660_lovholmen,2000,-8
2110660_lovholmen,2001,1
2110660_lovholmen,2002,1
2110660_lovholmen,2003,30
2110660_lovholmen,2004,88
2110660_lovholmen,2005,126
2110660_lovholmen,2006,183
2110660_lovholmen,2007,197
2110660_lovholmen,2008,231
2110660_lovholmen,2009,238
2110660_lovholmen,2010,296
2110660_lovholmen,2011,302
2110660_lovholmen,2012,301
2110660_lovholmen,2013,291
2110660_lovholmen,2014,372
2110681_nyboda_o,2000,4
2110681_nyboda_o,2001,15
2110681_nyboda_o,2002,12
2110681_nyboda_o,2003,67
2110681_nyboda_o,2004,193
2110681_nyboda_o,2005,329
2110681_nyboda_o,2006,664
2110681_nyboda_o,2007,819
2110681_nyboda_o,2008,974
2110681_nyboda_o,2009,1220
2110681_nyboda_o,2010,1299
2110681_nyboda_o,2011,1457
2110681_nyboda_o,2012,1574
2110681_nyboda_o,2013,1688
2110681_nyboda_o,2014,1797
2110720_svandammen,2000,22
2110720_svandammen,2001,29
2110720_svandammen,2002,-16
2110720_svandammen,2003,-71
2110720_svandammen,2004,-60
2110720_svandammen,2005,-17
2110720_svandammen,2006,37
2110720_svandammen,2007,90
2110720_svandammen,2008,71
2110720_svandammen,2009,60
2110720_svandammen,2010,40
2110720_svandammen,2011,12
2110720_svandammen,2012,-6
2110720_svandammen,2013,-20
2110720_svandammen,2014,-51
2110730_fastlagsvagen,2000,2
2110730_fastlagsvagen,2001,35
2110730_fastlagsvagen,2002,6
2110730_fastlagsvagen,2003,2
2110730_fastlagsvagen,2004,-33
2110730_fastlagsvagen,2005,-57
2110730_fastlagsvagen,2006,-63
2110730_fastlagsvagen,2007,66
2110730_fastlagsvagen,2008,105
2110730_fastlagsvagen,2009,92
2110730_fastlagsvagen,2010,75
2110730_fastlagsvagen,2011,70
2110730_fastlagsvagen,2012,53
2110730_fastlagsvagen,2013,115
2110730_fastlagsvagen,2014,194
2110740_telefonplan,2000,30
2110740_telefonplan,2001,20
2110740_telefonplan,2002,41
2110740_telefonplan,2003,10
2110740_telefonplan,2004,-2
2110740_telefonplan,2005,33
2110740_telefonplan,2006,25
2110740_telefonplan,2007,26
2110740_telefonplan,2008,25
2110740_telefonplan,2009,25
2110740_telefonplan,2010,44
2110740_telefonplan,2011,46
2110740_telefonplan,2012,41
2110740_telefonplan,2013,22
2110740_telefonplan,2014,-22
2110810_norra_malarhojden,2000,19
2110810_norra_malarhojden,2001,29
2110810_norra_malarhojden,2002,37
2110810_norra_malarhojden,2003,45
2110810_norra_malarhojden,2004,78
2110810_norra_malarhojden,2005,109
2110810_norra_malarhojden,2006,146
2110810_norra_malarhojden,2007,177
2110810_norra_malarhojden,2008,205
2110810_norra_malarhojden,2009,225
2110810_norra_malarhojden,2010,258
2110810_norra_malarhojden,2011,257
2110810_norra_malarhojden,2012,282
2110810_norra_malarhojden,2013,325
2110810_norra_malarhojden,2014,330
2110820_gulddragaren,2000,-1
2110820_gulddragaren,2001,-11
2110820_gulddragaren,2002,-5
2110820_gulddragaren,2003,-8
2110820_gulddragaren,2004,-8
2110820_gulddragaren,2005,-6
2110820_gulddragaren,2006,-12
2110820_gulddragaren,2007,-10
2110820_gulddragaren,2008,-8
2110820_gulddragaren,2009,-9
2110820_gulddragaren,2010,1
2110820_gulddragaren,2011,2
2110820_gulddragaren,2012,4
2110820_gulddragaren,2013,5
2110820_gulddragaren,2014,7
2110920_karusellvagen,2000,-13
2110920_karusellvagen,2001,-16
2110920_karusellvagen,2002,-45
2110920_karusellvagen,2003,-50
2110920_karusellvagen,2004,-75
2110920_karusellvagen,2005,-99
2110920_karusellvagen,2006,-108
2110920_karusellvagen,2007,-110
2110920_karusellvagen,2008,-111
2110920_karusellvagen,2009,-121
2110920_karusellvagen,2010,-129
2110920_karusellvagen,2011,-117
2110920_karusellvagen,2012,-115
2110920_karusellvagen,2013,-99
2110920_karusellvagen,2014,-96
2110930_korpmossen,2000,-5
2110930_korpmossen,2001,2
2110930_korpmossen,2002,6
2110930_korpmossen,2003,13
2110930_korpmossen,2004,24
2110930_korpmossen,2005,30
2110930_korpmossen,2006,32
2110930_korpmossen,2007,62
2110930_korpmossen,2008,74
2110930_korpmossen,2009,80
2110930_korpmossen,2010,83
2110930_korpmossen,2011,78
2110930_korpmossen,2012,80
2110930_korpmossen,2013,86
2110930_korpmossen,2014,82
2110940_hokmossen,2000,-8
2110940_hokmossen,2001,-6
2110940_hokmossen,2002,10
2110940_hokmossen,2003,9
2110940_hokmossen,2004,-29
2110940_hokmossen,2005,-46
2110940_hokmossen,2006,-68
2110940_hokmossen,2007,-70
2110940_hokmossen,2008,-62
2110940_hokmossen,2009,-78
2110940_hokmossen,2010,-82
2110940_hokmossen,2011,-93
2110940_hokmossen,2012,-115
2110940_hokmossen,2013,-126
2110940_hokmossen,2014,-114
2120100_fruangen,2000,4
2120100_fruangen,2001,-4
2120100_fruangen,2002,-9
2120100_fruangen,2003,-21
2120100_fruangen,2004,-58
2120100_fruangen,2005,-104
2120100_fruangen,2006,-117
2120100_fruangen,2007,-87
2120100_fruangen,2008,-71
2120100_fruangen,2009,-68
2120100_fruangen,2010,-53
2120100_fruangen,2011,-6
2120100_fruangen,2012,77
2120100_fruangen,2013,110
2120100_fruangen,2014,331
2120201_herrangen_v,2000,15
2120201_herrangen_v,2001,22
2120201_herrangen_v,2002,19
2120201_herrangen_v,2003,42
2120201_herrangen_v,2004,55
2120201_herrangen_v,2005,68
2120201_herrangen_v,2006,87
2120201_herrangen_v,2007,101
2120201_herrangen_v,2008,136
2120201_herrangen_v,2009,165
2120201_herrangen_v,2010,192
2120201_herrangen_v,2011,208
2120201_herrangen_v,2012,226
2120201_herrangen_v,2013,249
2120201_herrangen_v,2014,265
2120202_herrangen_o,2000,-1
2120202_herrangen_o,2001,7
2120202_herrangen_o,2002,10
2120202_herrangen_o,2003,18
2120202_herrangen_o,2004,18
2120202_herrangen_o,2005,32
2120202_herrangen_o,2006,40
2120202_herrangen_o,2007,51
2120202_herrangen_o,2008,69
2120202_herrangen_o,2009,74
2120202_herrangen_o,2010,93
2120202_herrangen_o,2011,101
2120202_herrangen_o,2012,109
2120202_herrangen_o,2013,125
2120202_herrangen_o,2014,138
2120300_liseberg,2000,9
2120300_liseberg,2001,1
2120300_liseberg,2002,0
2120300_liseberg,2003,-4
2120300_liseberg,2004,4
2120300_liseberg,2005,9
2120300_liseberg,2006,15
2120300_liseberg,2007,14
2120300_liseberg,2008,10
2120300_liseberg,2009,19
2120300_liseberg,2010,23
2120300_liseberg,2011,22
2120300_liseberg,2012,21
2120300_liseberg,2013,23
2120300_liseberg,2014,38
2120401_langbro_v,2000,5
2120401_langbro_v,2001,8
2120401_langbro_v,2002,52
2120401_langbro_v,2003,60
2120401_langbro_v,2004,81
2120401_langbro_v,2005,108
2120401_langbro_v,2006,108
2120401_langbro_v,2007,192
2120401_langbro_v,2008,264
2120401_langbro_v,2009,285
2120401_langbro_v,2010,347
2120401_langbro_v,2011,390
2120401_langbro_v,2012,496
2120401_langbro_v,2013,558
2120401_langbro_v,2014,571
2120402_langbro_o,2000,15
2120402_langbro_o,2001,5
2120402_langbro_o,2002,23
2120402_langbro_o,2003,33
2120402_langbro_o,2004,44
2120402_langbro_o,2005,91
2120402_langbro_o,2006,105
2120402_langbro_o,2007,119
2120402_langbro_o,2008,144
2120402_langbro_o,2009,163
2120402_langbro_o,2010,180
2120402_langbro_o,2011,242
2120402_langbro_o,2012,245
2120402_langbro_o,2013,249
2120402_langbro_o,2014,283
2120500_langsjo,2000,0
2120500_langsjo,2001,20
2120500_langsjo,2002,35
2120500_langsjo,2003,19
2120500_langsjo,2004,31
2120500_langsjo,2005,50
2120500_langsjo,2006,89
2120500_langsjo,2007,120
2120500_langsjo,2008,144
2120500_langsjo,2009,167
2120500_langsjo,2010,173
2120500_langsjo,2011,187
2120500_langsjo,2012,204
2120500_langsjo,2013,220
2120500_langsjo,2014,262
2120620_norra_solberga,2000,12
2120620_norra_solberga,2001,14
2120620_norra_solberga,2002,21
2120620_norra_solberga,2003,17
2120620_norra_solberga,2004,24
2120620_norra_solberga,2005,17
2120620_norra_solberga,2006,-5
2120620_norra_solberga,2007,10
2120620_norra_solberga,2008,40
2120620_norra_solberga,2009,114
2120620_norra_solberga,2010,117
2120620_norra_solberga,2011,121
2120620_norra_solberga,2012,90
2120620_norra_solberga,2013,96
2120620_norra_solberga,2014,88
2120630_vastra_solberga,2000,-4
2120630_vastra_solberga,2001,-1
2120630_vastra_solberga,2002,-1
2120630_vastra_solberga,2003,-4
2120630_vastra_solberga,2004,-4
2120630_vastra_solberga,2005,8
2120630_vastra_solberga,2006,1
2120630_vastra_solberga,2007,3
2120630_vastra_solberga,2008,-5
2120630_vastra_solberga,2009,-13
2120630_vastra_solberga,2010,-12
2120630_vastra_solberga,2011,-16
2120630_vastra_solberga,2012,-10
2120630_vastra_solberga,2013,-4
2120630_vastra_solberga,2014,-1
2120660_sodra_solberga,2000,3
2120660_sodra_solberga,2001,1
2120660_sodra_solberga,2002,2
2120660_sodra_solberga,2003,11
2120660_sodra_solberga,2004,51
2120660_sodra_solberga,2005,54
2120660_sodra_solberga,2006,76
2120660_sodra_solberga,2007,110
2120660_sodra_solberga,2008,206
2120660_sodra_solberga,2009,186
2120660_sodra_solberga,2010,177
2120660_sodra_solberga,2011,177
2120660_sodra_solberga,2012,225
2120660_sodra_solberga,2013,309
2120660_sodra_solberga,2014,304
2120700_vastertorp,2000,16
2120700_vastertorp,2001,26
2120700_vastertorp,2002,27
2120700_vastertorp,2003,21
2120700_vastertorp,2004,-14
2120700_vastertorp,2005,-42
2120700_vastertorp,2006,-41
2120700_vastertorp,2007,-27
2120700_vastertorp,2008,-7
2120700_vastertorp,2009,123
2120700_vastertorp,2010,156
2120700_vastertorp,2011,209
2120700_vastertorp,2012,234
2120700_vastertorp,2013,234
2120700_vastertorp,2014,239
2120820_vastra_alvsjo,2000,-4
2120820_vastra_alvsjo,2001,2
2120820_vastra_alvsjo,2002,8
2120820_vastra_alvsjo,2003,7
2120820_vastra_alvsjo,2004,3
2120820_vastra_alvsjo,2005,8
2120820_vastra_alvsjo,2006,18
2120820_vastra_alvsjo,2007,11
2120820_vastra_alvsjo,2008,14
2120820_vastra_alvsjo,2009,23
2120820_vastra_alvsjo,2010,30
2120820_vastra_alvsjo,2011,35
2120820_vastra_alvsjo,2012,35
2120820_vastra_alvsjo,2013,42
2120820_vastra_alvsjo,2014,61
2120900_orby_slott,2000,12
2120900_orby_slott,2001,13
2120900_orby_slott,2002,21
2120900_orby_slott,2003,18
2120900_orby_slott,2004,16
2120900_orby_slott,2005,25
2120900_orby_slott,2006,31
2120900_orby_slott,2007,23
2120900_orby_slott,2008,24
2120900_orby_slott,2009,19
2120900_orby_slott,2010,33
2120900_orby_slott,2011,36
2120900_orby_slott,2012,35
2120900_orby_slott,2013,45
2120900_orby_slott,2014,53
2121020_ostbergahojden_ostbergavagen,2000,20
2121020_ostbergahojden_ostbergavagen,2001,30
2121020_ostbergahojden_ostbergavagen,2002,49
2121020_ostbergahojden_ostbergavagen,2003,57
2121020_ostbergahojden_ostbergavagen,2004,37
2121020_ostbergahojden_ostbergavagen,2005,34
2121020_ostbergahojden_ostbergavagen,2006,62
2121020_ostbergahojden_ostbergavagen,2007,52
2121020_ostbergahojden_ostbergavagen,2008,39
2121020_ostbergahojden_ostbergavagen,2009,46
2121020_ostbergahojden_ostbergavagen,2010,46
2121020_ostbergahojden_ostbergavagen,2011,29
2121020_ostbergahojden_ostbergavagen,2012,26
2121020_ostbergahojden_ostbergavagen,2013,15
2121020_ostbergahojden_ostbergavagen,2014,22
2130100_bandhagen,2000,6
2130100_bandhagen,2001,-3
2130100_bandhagen,2002,-25
2130100_bandhagen,2003,-52
2130100_bandhagen,2004,-64
2130100_bandhagen,2005,-87
2130100_bandhagen,2006,-83
2130100_bandhagen,2007,-59
2130100_bandhagen,2008,-41
2130100_bandhagen,2009,-42
2130100_bandhagen,2010,-37
2130100_bandhagen,2011,-62
2130100_bandhagen,2012,-65
2130100_bandhagen,2013,-48
2130100_bandhagen,2014,-75
2130210_hogdalens_centrum,2000,3
2130210_hogdalens_centrum,2001,0
2130210_hogdalens_centrum,2002,-6
2130210_hogdalens_centrum,2003,2
2130210_hogdalens_centrum,2004,0
2130210_hogdalens_centrum,2005,-7
2130210_hogdalens_centrum,2006,-5
2130210_hogdalens_centrum,2007,-9
2130210_hogdalens_centrum,2008,19
2130210_hogdalens_centrum,2009,12
2130210_hogdalens_centrum,2010,7
2130210_hogdalens_centrum,2011,-2
2130210_hogdalens_centrum,2012,14
2130210_hogdalens_centrum,2013,42
2130210_hogdalens_centrum,2014,59
2130220_ostra_hogdalen,2000,11
2130220_ostra_hogdalen,2001,-2
2130220_ostra_hogdalen,2002,6
2130220_ostra_hogdalen,2003,-8
2130220_ostra_hogdalen,2004,-18
2130220_ostra_hogdalen,2005,-32
2130220_ostra_hogdalen,2006,-52
2130220_ostra_hogdalen,2007,-66
2130220_ostra_hogdalen,2008,-78
2130220_ostra_hogdalen,2009,-70
2130220_ostra_hogdalen,2010,-81
2130220_ostra_hogdalen,2011,-88
2130220_ostra_hogdalen,2012,-74
2130220_ostra_hogdalen,2013,-56
2130220_ostra_hogdalen,2014,-53
2130230_vastra_hogdalen,2000,-1
2130230_vastra_hogdalen,2001,-3
2130230_vastra_hogdalen,2002,-6
2130230_vastra_hogdalen,2003,-6
2130230_vastra_hogdalen,2004,-6
2130230_vastra_hogdalen,2005,0
2130230_vastra_hogdalen,2006,7
2130230_vastra_hogdalen,2007,14
2130230_vastra_hogdalen,2008,17
2130230_vastra_hogdalen,2009,21
2130230_vastra_hogdalen,2010,21
2130230_vastra_hogdalen,2011,19
2130230_vastra_hogdalen,2012,22
2130230_vastra_hogdalen,2013,32
2130230_vastra_hogdalen,2014,32
2130240_skebokvarnsvagen,2000,-3
2130240_skebokvarnsvagen,2001,-6
2130240_skebokvarnsvagen,2002,-17
2130240_skebokvarnsvagen,2003,-12
2130240_skebokvarnsvagen,2004,-17
2130240_skebokvarnsvagen,2005,-37
2130240_skebokvarnsvagen,2006,-44
2130240_skebokvarnsvagen,2007,-44
2130240_skebokvarnsvagen,2008,-51
2130240_skebokvarnsvagen,2009,-69
2130240_skebokvarnsvagen,2010,-95
2130240_skebokvarnsvagen,2011,-87
2130240_skebokvarnsvagen,2012,-74
2130240_skebokvarnsvagen,2013,-99
2130240_skebokvarnsvagen,2014,-97
2130320_ragsveds_torg,2000,6
2130320_ragsveds_torg,2001,8
2130320_ragsveds_torg,2002,11
2130320_ragsveds_torg,2003,3
2130320_ragsveds_torg,2004,-20
2130320_ragsveds_torg,2005,-14
2130320_ragsveds_torg,2006,-38
2130320_ragsveds_torg,2007,-53
2130320_ragsveds_torg,2008,-19
2130320_ragsveds_torg,2009,-49
2130320_ragsveds_torg,2010,-55
2130320_ragsveds_torg,2011,-72
2130320_ragsveds_torg,2012,-86
2130320_ragsveds_torg,2013,-91
2130320_ragsveds_torg,2014,-108
2130330_bjursatra,2000,-12
2130330_bjursatra,2001,-6
2130330_bjursatra,2002,-17
2130330_bjursatra,2003,-11
2130330_bjursatra,2004,-29
2130330_bjursatra,2005,-67
2130330_bjursatra,2006,-71
2130330_bjursatra,2007,-55
2130330_bjursatra,2008,-68
2130330_bjursatra,2009,-129
2130330_bjursatra,2010,-122
2130330_bjursatra,2011,-108
2130330_bjursatra,2012,-131
2130330_bjursatra,2013,-162
2130330_bjursatra,2014,-178
2130340_snosatra,2000,-2
2130340_snosatra,2001,5
2130340_snosatra,2002,9
2130340_snosatra,2003,2
2130340_snosatra,2004,4
2130340_snosatra,2005,-2
2130340_snosatra,2006,-25
2130340_snosatra,2007,-27
2130340_snosatra,2008,-26
2130340_snosatra,2009,-35
2130340_snosatra,2010,-27
2130340_snosatra,2011,-17
2130340_snosatra,2012,-5
2130340_snosatra,2013,4
2130340_snosatra,2014,-4
2130420_backaskiftsvagen,2000,12
2130420_backaskiftsvagen,2001,19
2130420_backaskiftsvagen,2002,20
2130420_backaskiftsvagen,2003,1
2130420_backaskiftsvagen,2004,-4
2130420_backaskiftsvagen,2005,-5
2130420_backaskiftsvagen,2006,-2
2130420_backaskiftsvagen,2007,14
2130420_backaskiftsvagen,2008,13
2130420_backaskiftsvagen,2009,27
2130420_backaskiftsvagen,2010,38
2130420_backaskiftsvagen,2011,48
2130420_backaskiftsvagen,2012,63
2130420_backaskiftsvagen,2013,59
2130420_backaskiftsvagen,2014,80
2130430_ostra_stureby,2000,24
2130430_ostra_stureby,2001,22
2130430_ostra_stureby,2002,48
2130430_ostra_stureby,2003,56
2130430_ostra_stureby,2004,59
2130430_ostra_stureby,2005,71
2130430_ostra_stureby,2006,77
2130430_ostra_stureby,2007,97
2130430_ostra_stureby,2008,120
2130430_ostra_stureby,2009,121
2130430_ostra_stureby,2010,130
2130430_ostra_stureby,2011,136
2130430_ostra_stureby,2012,168
2130430_ostra_stureby,2013,198
2130430_ostra_stureby,2014,226
2130440_vastra_stureby,2000,13
2130440_vastra_stureby,2001,32
2130440_vastra_stureby,2002,34
2130440_vastra_stureby,2003,49
2130440_vastra_stureby,2004,34
2130440_vastra_stureby,2005,32
2130440_vastra_stureby,2006,26
2130440_vastra_stureby,2007,42
2130440_vastra_stureby,2008,34
2130440_vastra_stureby,2009,47
2130440_vastra_stureby,2010,37
2130440_vastra_stureby,2011,62
2130440_vastra_stureby,2012,65
2130440_vastra_stureby,2013,79
2130440_vastra_stureby,2014,107
2130501_orby_n,2000,18
2130501_orby_n,2001,5
2130501_orby_n,2002,-9
2130501_orby_n,2003,-25
2130501_orby_n,2004,-32
2130501_orby_n,2005,-38
2130501_orby_n,2006,-28
2130501_orby_n,2007,-27
2130501_orby_n,2008,-37
2130501_orby_n,2009,-53
2130501_orby_n,2010,-55
2130501_orby_n,2011,-53
2130501_orby_n,2012,-59
2130501_orby_n,2013,-69
2130501_orby_n,2014,-71
2130502_orby_s,2000,23
2130502_orby_s,2001,32
2130502_orby_s,2002,50
2130502_orby_s,2003,55
2130502_orby_s,2004,71
2130502_orby_s,2005,91
2130502_orby_s,2006,120
2130502_orby_s,2007,138
2130502_orby_s,2008,159
2130502_orby_s,2009,194
2130502_orby_s,2010,222
2130502_orby_s,2011,221
2130502_orby_s,2012,251
2130502_orby_s,2013,292
2130502_orby_s,2014,325
2130620_hagsatra_torg,2000,17
2130620_hagsatra_torg,2001,5
2130620_hagsatra_torg,2002,-10
2130620_hagsatra_torg,2003,-37
2130620_hagsatra_torg,2004,-57
2130620_hagsatra_torg,2005,-41
2130620_hagsatra_torg,2006,-60
2130620_hagsatra_torg,2007,-71
2130620_hagsatra_torg,2008,-98
2130620_hagsatra_torg,2009,-149
2130620_hagsatra_torg,2010,-156
2130620_hagsatra_torg,2011,-151
2130620_hagsatra_torg,2012,-184
2130620_hagsatra_torg,2013,-187
2130620_hagsatra_torg,2014,-152
2130630_ormkarr,2000,6
2130630_ormkarr,2001,6
2130630_ormkarr,2002,8
2130630_ormkarr,2003,6
2130630_ormkarr,2004,8
2130630_ormkarr,2005,5
2130630_ormkarr,2006,2
2130630_ormkarr,2007,5
2130630_ormkarr,2008,-2
2130630_ormkarr,2009,-9
2130630_ormkarr,2010,-3
2130630_ormkarr,2011,7
2130630_ormkarr,2012,21
2130630_ormkarr,2013,17
2130630_ormkarr,2014,24
2140120_ostra_enskedefaltet,2000,5
2140120_ostra_enskedefaltet,2001,10
2140120_ostra_enskedefaltet,2002,5
2140120_ostra_enskedefaltet,2003,-3
2140120_ostra_enskedefaltet,2004,5
2140120_ostra_enskedefaltet,2005,1
2140120_ostra_enskedefaltet,2006,0
2140120_ostra_enskedefaltet,2007,8
2140120_ostra_enskedefaltet,2008,5
2140120_ostra_enskedefaltet,2009,10
2140120_ostra_enskedefaltet,2010,19
2140120_ostra_enskedefaltet,2011,24
2140120_ostra_enskedefaltet,2012,34
2140120_ostra_enskedefaltet,2013,46
2140120_ostra_enskedefaltet,2014,46
2140210_vastra_enskede_gard,2000,-3
2140210_vastra_enskede_gard,2001,3
2140210_vastra_enskede_gard,2002,3
2140210_vastra_enskede_gard,2003,0
2140210_vastra_enskede_gard,2004,-1
2140210_vastra_enskede_gard,2005,-4
2140210_vastra_enskede_gard,2006,0
2140210_vastra_enskede_gard,2007,-3
2140210_vastra_enskede_gard,2008,20
2140210_vastra_enskede_gard,2009,42
2140210_vastra_enskede_gard,2010,62
2140210_vastra_enskede_gard,2011,56
2140210_vastra_enskede_gard,2012,37
2140210_vastra_enskede_gard,2013,37
2140210_vastra_enskede_gard,2014,72
2140220_tradskolan,2000,-4
2140220_tradskolan,2001,-7
2140220_tradskolan,2002,-8
2140220_tradskolan,2003,-8
2140220_tradskolan,2004,-1
2140220_tradskolan,2005,0
2140220_tradskolan,2006,6
2140220_tradskolan,2007,13
2140220_tradskolan,2008,9
2140220_tradskolan,2009,12
2140220_tradskolan,2010,11
2140220_tradskolan,2011,14
2140220_tradskolan,2012,14
2140220_tradskolan,2013,12
2140220_tradskolan,2014,10
2140320_enskede_kyrka,2000,12
2140320_enskede_kyrka,2001,12
2140320_enskede_kyrka,2002,5
2140320_enskede_kyrka,2003,-5
2140320_enskede_kyrka,2004,-6
2140320_enskede_kyrka,2005,9
2140320_enskede_kyrka,2006,17
2140320_enskede_kyrka,2007,20
2140320_enskede_kyrka,2008,31
2140320_enskede_kyrka,2009,39
2140320_enskede_kyrka,2010,20
2140320_enskede_kyrka,2011,1
2140320_enskede_kyrka,2012,52
2140320_enskede_kyrka,2013,50
2140320_enskede_kyrka,2014,75
2140330_svampvagen,2000,-1
2140330_svampvagen,2001,6
2140330_svampvagen,2002,7
2140330_svampvagen,2003,5
2140330_svampvagen,2004,3
2140330_svampvagen,2005,14
2140330_svampvagen,2006,25
2140330_svampvagen,2007,23
2140330_svampvagen,2008,48
2140330_svampvagen,2009,53
2140330_svampvagen,2010,56
2140330_svampvagen,2011,95
2140330_svampvagen,2012,98
2140330_svampvagen,2013,105
2140330_svampvagen,2014,93
2140340_sandsborg,2000,14
2140340_sandsborg,2001,-1
2140340_sandsborg,2002,-8
2140340_sandsborg,2003,-26
2140340_sandsborg,2004,-24
2140340_sandsborg,2005,-19
2140340_sandsborg,2006,-26
2140340_sandsborg,2007,-58
2140340_sandsborg,2008,-45
2140340_sandsborg,2009,-59
2140340_sandsborg,2010,-64
2140340_sandsborg,2011,-67
2140340_sandsborg,2012,-68
2140340_sandsborg,2013,-53
2140340_sandsborg,2014,-51
2140350_dalen,2000,-7
2140350_dalen,2001,-11
2140350_dalen,2002,-19
2140350_dalen,2003,6
2140350_dalen,2004,-18
2140350_dalen,2005,-14
2140350_dalen,2006,-34
2140350_dalen,2007,-6
2140350_dalen,2008,-2
2140350_dalen,2009,40
2140350_dalen,2010,51
2140350_dalen,2011,61
2140350_dalen,2012,66
2140350_dalen,2013,59
2140350_dalen,2014,63
2140620_gullmarsplan,2000,-3
2140620_gullmarsplan,2001,1
2140620_gullmarsplan,2002,-15
2140620_gullmarsplan,2003,-49
2140620_gullmarsplan,2004,-30
2140620_gullmarsplan,2005,-39
2140620_gullmarsplan,2006,-63
2140620_gullmarsplan,2007,-67
2140620_gullmarsplan,2008,-70
2140620_gullmarsplan,2009,-92
2140620_gullmarsplan,2010,-94
2140620_gullmarsplan,2011,-72
2140620_gullmarsplan,2012,-76
2140620_gullmarsplan,2013,-75
2140620_gullmarsplan,2014,-106
2140630_skarmarbrink,2000,1
2140630_skarmarbrink,2001,-55
2140630_skarmarbrink,2002,-81
2140630_skarmarbrink,2003,-67
2140630_skarmarbrink,2004,-80
2140630_skarmarbrink,2005,-93
2140630_skarmarbrink,2006,-97
2140630_skarmarbrink,2007,-93
2140630_skarmarbrink,2008,-117
2140630_skarmarbrink,2009,-178
2140630_skarmarbrink,2010,-220
2140630_skarmarbrink,2011,-274
2140630_skarmarbrink,2012,-272
2140630_skarmarbrink,2013,-293
2140630_skarmarbrink,2014,-274
2140820_skanskvarn,2000,23
2140820_skanskvarn,2001,37
2140820_skanskvarn,2002,31
2140820_skanskvarn,2003,58
2140820_skanskvarn,2004,56
2140820_skanskvarn,2005,56
2140820_skanskvarn,2006,64
2140820_skanskvarn,2007,106
2140820_skanskvarn,2008,189
2140820_skanskvarn,2009,289
2140820_skanskvarn,2010,286
2140820_skanskvarn,2011,323
2140820_skanskvarn,2012,295
2140820_skanskvarn,2013,284
2140820_skanskvarn,2014,295
2140830_arsta_centrum,2000,50
2140830_arsta_centrum,2001,110
2140830_arsta_centrum,2002,159
2140830_arsta_centrum,2003,159
2140830_arsta_centrum,2004,188
2140830_arsta_centrum,2005,214
2140830_arsta_centrum,2006,266
2140830_arsta_centrum,2007,338
2140830_arsta_centrum,2008,379
2140830_arsta_centrum,2009,331
2140830_arsta_centrum,2010,346
2140830_arsta_centrum,2011,358
2140830_arsta_centrum,2012,359
2140830_arsta_centrum,2013,335
2140830_arsta_centrum,2014,332
2140840_arsta_gard,2000,19
2140840_arsta_gard,2001,1
2140840_arsta_gard,2002,-1
2140840_arsta_gard,2003,6
2140840_arsta_gard,2004,49
2140840_arsta_gard,2005,114
2140840_arsta_gard,2006,153
2140840_arsta_gard,2007,204
2140840_arsta_gard,2008,247
2140840_arsta_gard,2009,244
2140840_arsta_gard,2010,246
2140840_arsta_gard,2011,239
2140840_arsta_gard,2012,254
2140840_arsta_gard,2013,262
2140840_arsta_gard,2014,253
2140850_valla_garde,2000,24
2140850_valla_garde,2001,33
2140850_valla_garde,2002,43
2140850_valla_garde,2003,28
2140850_valla_garde,2004,28
2140850_valla_garde,2005,38
2140850_valla_garde,2006,64
2140850_valla_garde,2007,76
2140850_valla_garde,2008,106
2140850_valla_garde,2009,133
2140850_valla_garde,2010,136
2140850_valla_garde,2011,146
2140850_valla_garde,2012,152
2140850_valla_garde,2013,155
2140850_valla_garde,2014,167
2150100_bjorkhagen,2000,51
2150100_bjorkhagen,2001,72
2150100_bjorkhagen,2002,82
2150100_bjorkhagen,2003,133
2150100_bjorkhagen,2004,142
2150100_bjorkhagen,2005,145
2150100_bjorkhagen,2006,177
2150100_bjorkhagen,2007,211
2150100_bjorkhagen,2008,229
2150100_bjorkhagen,2009,292
2150100_bjorkhagen,2010,310
2150100_bjorkhagen,2011,354
2150100_bjorkhagen,2012,391
2150100_bjorkhagen,2013,407
2150100_bjorkhagen,2014,389
2150200_enskededalen,2000,13
2150200_enskededalen,2001,19
2150200_enskededalen,2002,19
2150200_enskededalen,2003,17
2150200_enskededalen,2004,9
2150200_enskededalen,2005,12
2150200_enskededalen,2006,19
2150200_enskededalen,2007,38
2150200_enskededalen,2008,45
2150200_enskededalen,2009,68
2150200_enskededalen,2010,90
2150200_enskededalen,2011,101
2150200_enskededalen,2012,167
2150200_enskededalen,2013,223
2150200_enskededalen,2014,208
2150400_hammarbyhojden,2000,-14
2150400_hammarbyhojden,2001,16
2150400_hammarbyhojden,2002,-17
2150400_hammarbyhojden,2003,2
2150400_hammarbyhojden,2004,11
2150400_hammarbyhojden,2005,-1
2150400_hammarbyhojden,2006,-15
2150400_hammarbyhojden,2007,13
2150400_hammarbyhojden,2008,28
2150400_hammarbyhojden,2009,144
2150400_hammarbyhojden,2010,134
2150400_hammarbyhojden,2011,112
2150400_hammarbyhojden,2012,127
2150400_hammarbyhojden,2013,126
2150400_hammarbyhojden,2014,221
2150500_karrtorp,2000,10
2150500_karrtorp,2001,17
2150500_karrtorp,2002,14
2150500_karrtorp,2003,3
2150500_karrtorp,2004,18
2150500_karrtorp,2005,20
2150500_karrtorp,2006,17
2150500_karrtorp,2007,5
2150500_karrtorp,2008,42
2150500_karrtorp,2009,132
2150500_karrtorp,2010,196
2150500_karrtorp,2011,252
2150500_karrtorp,2012,290
2150500_karrtorp,2013,330
2150500_karrtorp,2014,364
2150720_pungpinan,2000,6
2150720_pungpinan,2001,10
2150720_pungpinan,2002,26
2150720_pungpinan,2003,29
2150720_pungpinan,2004,44
2150720_pungpinan,2005,36
2150720_pungpinan,2006,49
2150720_pungpinan,2007,73
2150720_pungpinan,2008,84
2150720_pungpinan,2009,140
2150720_pungpinan,2010,186
2150720_pungpinan,2011,217
2150720_pungpinan,2012,236
2150720_pungpinan,2013,255
2150720_pungpinan,2014,266
2150731_skarpnacksfaltet_o,2000,7
2150731_skarpnacksfaltet_o,2001,7
2150731_skarpnacksfaltet_o,2002,15
2150731_skarpnacksfaltet_o,2003,2
2150731_skarpnacksfaltet_o,2004,-12
2150731_skarpnacksfaltet_o,2005,-41
2150731_skarpnacksfaltet_o,2006,-54
2150731_skarpnacksfaltet_o,2007,-66
2150731_skarpnacksfaltet_o,2008,-55
2150731_skarpnacksfaltet_o,2009,-25
2150731_skarpnacksfaltet_o,2010,-15
2150731_skarpnacksfaltet_o,2011,-9
2150731_skarpnacksfaltet_o,2012,10
2150731_skarpnacksfaltet_o,2013,47
2150731_skarpnacksfaltet_o,2014,87
2150732_skarpnacksfaltet_v,2000,-8
2150732_skarpnacksfaltet_v,2001,-8
2150732_skarpnacksfaltet_v,2002,-24
2150732_skarpnacksfaltet_v,2003,-27
2150732_skarpnacksfaltet_v,2004,-35
2150732_skarpnacksfaltet_v,2005,-38
2150732_skarpnacksfaltet_v,2006,-62
2150732_skarpnacksfaltet_v,2007,-72
2150732_skarpnacksfaltet_v,2008,-58
2150732_skarpnacksfaltet_v,2009,-74
2150732_skarpnacksfaltet_v,2010,-82
2150732_skarpnacksfaltet_v,2011,-101
2150732_skarpnacksfaltet_v,2012,-106
2150732_skarpnacksfaltet_v,2013,-117
2150732_skarpnacksfaltet_v,2014,-121
2150740_skarpa_by,2000,-4
2150740_skarpa_by,2001,2
2150740_skarpa_by,2002,2
2150740_skarpa_by,2003,2
2150740_skarpa_by,2004,8
2150740_skarpa_by,2005,8
2150740_skarpa_by,2006,5
2150740_skarpa_by,2007,5
2150740_skarpa_by,2008,8
2150740_skarpa_by,2009,11
2150740_skarpa_by,2010,9
2150740_skarpa_by,2011,9
2150740_skarpa_by,2012,15
2150740_skarpa_by,2013,18
2150740_skarpa_by,2014,15
2150820_lagaplan,2000,20
2150820_lagaplan,2001,14
2150820_lagaplan,2002,12
2150820_lagaplan,2003,8
2150820_lagaplan,2004,56
2150820_lagaplan,2005,31
2150820_lagaplan,2006,14
2150820_lagaplan,2007,21
2150820_lagaplan,2008,100
2150820_lagaplan,2009,176
2150820_lagaplan,2010,218
2150820_lagaplan,2011,249
2150820_lagaplan,2012,264
2150820_lagaplan,2013,308
2150820_lagaplan,2014,321
2150830_sodra_bagarmossen,2000,4
2150830_sodra_bagarmossen,2001,20
2150830_sodra_bagarmossen,2002,24
2150830_sodra_bagarmossen,2003,41
2150830_sodra_bagarmossen,2004,43
2150830_sodra_bagarmossen,2005,47
2150830_sodra_bagarmossen,2006,59
2150830_sodra_bagarmossen,2007,75
2150830_sodra_bagarmossen,2008,92
2150830_sodra_bagarmossen,2009,100
2150830_sodra_bagarmossen,2010,109
2150830_sodra_bagarmossen,2011,122
2150830_sodra_bagarmossen,2012,120
2150830_sodra_bagarmossen,2013,131
2150830_sodra_bagarmossen,2014,150
2150840_norra_bagarmossen,2000,8
2150840_norra_bagarmossen,2001,16
2150840_norra_bagarmossen,2002,26
2150840_norra_bagarmossen,2003,15
2150840_norra_bagarmossen,2004,-3
2150840_norra_bagarmossen,2005,-16
2150840_norra_bagarmossen,2006,-18
2150840_norra_bagarmossen,2007,-14
2150840_norra_bagarmossen,2008,-27
2150840_norra_bagarmossen,2009,-9
2150840_norra_bagarmossen,2010,-4
2150840_norra_bagarmossen,2011,-14
2150840_norra_bagarmossen,2012,-17
2150840_norra_bagarmossen,2013,-13
2150840_norra_bagarmossen,2014,-15
2160120_havsornstorget,2000,15
2160120_havsornstorget,2001,13
2160120_havsornstorget,2002,8
2160120_havsornstorget,2003,-8
2160120_havsornstorget,2004,-14
2160120_havsornstorget,2005,-20
2160120_havsornstorget,2006,-15
2160120_havsornstorget,2007,-40
2160120_havsornstorget,2008,-51
2160120_havsornstorget,2009,-77
2160120_havsornstorget,2010,-53
2160120_havsornstorget,2011,-52
2160120_havsornstorget,2012,-63
2160120_havsornstorget,2013,-75
2160120_havsornstorget,2014,-72
2160130_fagersjovagen,2000,-3
2160130_fagersjovagen,2001,-9
2160130_fagersjovagen,2002,-7
2160130_fagersjovagen,2003,-3
2160130_fagersjovagen,2004,-1
2160130_fagersjovagen,2005,2
2160130_fagersjovagen,2006,0
2160130_fagersjovagen,2007,-3
2160130_fagersjovagen,2008,4
2160130_fagersjovagen,2009,15
2160130_fagersjovagen,2010,15
2160130_fagersjovagen,2011,19
2160130_fagersjovagen,2012,49
2160130_fagersjovagen,2013,61
2160130_fagersjovagen,2014,65
2160220_sodra_farsta,2000,15
2160220_sodra_farsta,2001,5
2160220_sodra_farsta,2002,9
2160220_sodra_farsta,2003,19
2160220_sodra_farsta,2004,24
2160220_sodra_farsta,2005,14
2160220_sodra_farsta,2006,4
2160220_sodra_farsta,2007,8
2160220_sodra_farsta,2008,-19
2160220_sodra_farsta,2009,-27
2160220_sodra_farsta,2010,8
2160220_sodra_farsta,2011,34
2160220_sodra_farsta,2012,37
2160220_sodra_farsta,2013,31
2160220_sodra_farsta,2014,30
2160230_vastra_farsta,2000,3
2160230_vastra_farsta,2001,5
2160230_vastra_farsta,2002,12
2160230_vastra_farsta,2003,14
2160230_vastra_farsta,2004,23
2160230_vastra_farsta,2005,19
2160230_vastra_farsta,2006,28
2160230_vastra_farsta,2007,33
2160230_vastra_farsta,2008,44
2160230_vastra_farsta,2009,52
2160230_vastra_farsta,2010,58
2160230_vastra_farsta,2011,81
2160230_vastra_farsta,2012,115
2160230_vastra_farsta,2013,149
2160230_vastra_farsta,2014,168
2160240_ostra_farsta,2000,-1
2160240_ostra_farsta,2001,14
2160240_ostra_farsta,2002,11
2160240_ostra_farsta,2003,34
2160240_ostra_farsta,2004,30
2160240_ostra_farsta,2005,17
2160240_ostra_farsta,2006,11
2160240_ostra_farsta,2007,16
2160240_ostra_farsta,2008,9
2160240_ostra_farsta,2009,1
2160240_ostra_farsta,2010,17
2160240_ostra_farsta,2011,18
2160240_ostra_farsta,2012,31
2160240_ostra_farsta,2013,99
2160240_ostra_farsta,2014,153
2160260_norra_farsta,2000,-6
2160260_norra_farsta,2001,-5
2160260_norra_farsta,2002,-7
2160260_norra_farsta,2003,-1
2160260_norra_farsta,2004,7
2160260_norra_farsta,2005,10
2160260_norra_farsta,2006,17
2160260_norra_farsta,2007,8
2160260_norra_farsta,2008,36
2160260_norra_farsta,2009,45
2160260_norra_farsta,2010,84
2160260_norra_farsta,2011,85
2160260_norra_farsta,2012,82
2160260_norra_farsta,2013,69
2160260_norra_farsta,2014,63
2160320_ullerudsbacken,2000,8
2160320_ullerudsbacken,2001,2
2160320_ullerudsbacken,2002,-10
2160320_ullerudsbacken,2003,-24
2160320_ullerudsbacken,2004,-51
2160320_ullerudsbacken,2005,-61
2160320_ullerudsbacken,2006,-68
2160320_ullerudsbacken,2007,-84
2160320_ullerudsbacken,2008,-100
2160320_ullerudsbacken,2009,-104
2160320_ullerudsbacken,2010,-132
2160320_ullerudsbacken,2011,-118
2160320_ullerudsbacken,2012,-110
2160320_ullerudsbacken,2013,-101
2160320_ullerudsbacken,2014,-94
2160330_farsta_gard,2000,5
2160330_farsta_gard,2001,10
2160330_farsta_gard,2002,17
2160330_farsta_gard,2003,18
2160330_farsta_gard,2004,29
2160330_farsta_gard,2005,31
2160330_farsta_gard,2006,40
2160330_farsta_gard,2007,41
2160330_farsta_gard,2008,45
2160330_farsta_gard,2009,47
2160330_farsta_gard,2010,52
2160330_farsta_gard,2011,58
2160330_farsta_gard,2012,64
2160330_farsta_gard,2013,76
2160330_farsta_gard,2014,76
2160520_gubbangstorget,2000,21
2160520_gubbangstorget,2001,39
2160520_gubbangstorget,2002,26
2160520_gubbangstorget,2003,55
2160520_gubbangstorget,2004,49
2160520_gubbangstorget,2005,58
2160520_gubbangstorget,2006,59
2160520_gubbangstorget,2007,44
2160520_gubbangstorget,2008,15
2160520_gubbangstorget,2009,48
2160520_gubbangstorget,2010,72
2160520_gubbangstorget,2011,55
2160520_gubbangstorget,2012,-7
2160520_gubbangstorget,2013,-16
2160520_gubbangstorget,2014,-24
2160530_gubbangens_gard,2000,0
2160530_gubbangens_gard,2001,7
2160530_gubbangens_gard,2002,7
2160530_gubbangens_gard,2003,7
2160530_gubbangens_gard,2004,11
2160530_gubbangens_gard,2005,14
2160530_gubbangens_gard,2006,14
2160530_gubbangens_gard,2007,16
2160530_gubbangens_gard,2008,18
2160530_gubbangens_gard,2009,20
2160530_gubbangens_gard,2010,29
2160530_gubbangens_gard,2011,32
2160530_gubbangens_gard,2012,35
2160530_gubbangens_gard,2013,46
2160530_gubbangens_gard,2014,43
2160620_vastra_hokarangen,2000,32
2160620_vastra_hokarangen,2001,12
2160620_vastra_hokarangen,2002,29
2160620_vastra_hokarangen,2003,10
2160620_vastra_hokarangen,2004,-12
2160620_vastra_hokarangen,2005,-19
2160620_vastra_hokarangen,2006,-10
2160620_vastra_hokarangen,2007,-5
2160620_vastra_hokarangen,2008,10
2160620_vastra_hokarangen,2009,20
2160620_vastra_hokarangen,2010,26
2160620_vastra_hokarangen,2011,35
2160620_vastra_hokarangen,2012,44
2160620_vastra_hokarangen,2013,49
2160620_vastra_hokarangen,2014,30
2160630_sondagsvagen,2000,-3
2160630_sondagsvagen,2001,-4
2160630_sondagsvagen,2002,-2
2160630_sondagsvagen,2003,-3
2160630_sondagsvagen,2004,-6
2160630_sondagsvagen,2005,-19
2160630_sondagsvagen,2006,-20
2160630_sondagsvagen,2007,-8
2160630_sondagsvagen,2008,-20
2160630_sondagsvagen,2009,-38
2160630_sondagsvagen,2010,-46
2160630_sondagsvagen,2011,-33
2160630_sondagsvagen,2012,-23
2160630_sondagsvagen,2013,-21
2160630_sondagsvagen,2014,-7
2160640_lingvagen,2000,5
2160640_lingvagen,2001,10
2160640_lingvagen,2002,2
2160640_lingvagen,2003,-1
2160640_lingvagen,2004,-2
2160640_lingvagen,2005,-10
2160640_lingvagen,2006,1
2160640_lingvagen,2007,0
2160640_lingvagen,2008,-13
2160640_lingvagen,2009,-11
2160640_lingvagen,2010,-8
2160640_lingvagen,2011,17
2160640_lingvagen,2012,-2
2160640_lingvagen,2013,22
2160640_lingvagen,2014,31
2160720_vastra_larsboda,2000,0
2160720_vastra_larsboda,2001,-1
2160720_vastra_larsboda,2002,2
2160720_vastra_larsboda,2003,-8
2160720_vastra_larsboda,2004,-1
2160720_vastra_larsboda,2005,5
2160720_vastra_larsboda,2006,5
2160720_vastra_larsboda,2007,16
2160720_vastra_larsboda,2008,17
2160720_vastra_larsboda,2009,116
2160720_vastra_larsboda,2010,132
2160720_vastra_larsboda,2011,149
2160720_vastra_larsboda,2012,153
2160720_vastra_larsboda,2013,147
2160720_vastra_larsboda,2014,151
2160760_ostra_larsboda,2000,0
2160760_ostra_larsboda,2001,5
2160760_ostra_larsboda,2002,3
2160760_ostra_larsboda,2003,6
2160760_ostra_larsboda,2004,9
2160760_ostra_larsboda,2005,6
2160760_ostra_larsboda,2006,6
2160760_ostra_larsboda,2007,6
2160760_ostra_larsboda,2008,9
2160760_ostra_larsboda,2009,6
2160760_ostra_larsboda,2010,6
2160760_ostra_larsboda,2011,6
2160760_ostra_larsboda,2012,12
2160760_ostra_larsboda,2013,5
2160760_ostra_larsboda,2014,2
2160820_bagarfruvagen,2000,7
2160820_bagarfruvagen,2001,-1
2160820_bagarfruvagen,2002,-5
2160820_bagarfruvagen,2003,-13
2160820_bagarfruvagen,2004,-20
2160820_bagarfruvagen,2005,-24
2160820_bagarfruvagen,2006,-4
2160820_bagarfruvagen,2007,5
2160820_bagarfruvagen,2008,25
2160820_bagarfruvagen,2009,18
2160820_bagarfruvagen,2010,20
2160820_bagarfruvagen,2011,31
2160820_bagarfruvagen,2012,54
2160820_bagarfruvagen,2013,64
2160820_bagarfruvagen,2014,45
2160830_vastra_skondal,2000,4
2160830_vastra_skondal,2001,2
2160830_vastra_skondal,2002,-2
2160830_vastra_skondal,2003,4
2160830_vastra_skondal,2004,17
2160830_vastra_skondal,2005,26
2160830_vastra_skondal,2006,42
2160830_vastra_skondal,2007,60
2160830_vastra_skondal,2008,68
2160830_vastra_skondal,2009,61
2160830_vastra_skondal,2010,71
2160830_vastra_skondal,2011,77
2160830_vastra_skondal,2012,82
2160830_vastra_skondal,2013,94
2160830_vastra_skondal,2014,120
2160840_norra_skondal,2000,-5
2160840_norra_skondal,2001,-5
2160840_norra_skondal,2002,-1
2160840_norra_skondal,2003,-5
2160840_norra_skondal,2004,3
2160840_norra_skondal,2005,13
2160840_norra_skondal,2006,13
2160840_norra_skondal,2007,15
2160840_norra_skondal,2008,20
2160840_norra_skondal,2009,25
2160840_norra_skondal,2010,32
2160840_norra_skondal,2011,36
2160840_norra_skondal,2012,41
2160840_norra_skondal,2013,37
2160840_norra_skondal,2014,31
2160850_stora_skondal,2000,-2
2160850_stora_skondal,2001,-4
2160850_stora_skondal,2002,-13
2160850_stora_skondal,2003,-17
2160850_stora_skondal,2004,-20
2160850_stora_skondal,2005,-20
2160850_stora_skondal,2006,-35
2160850_stora_skondal,2007,-33
2160850_stora_skondal,2008,-36
2160850_stora_skondal,2009,-35
2160850_stora_skondal,2010,-26
2160850_stora_skondal,2011,-24
2160850_stora_skondal,2012,82
2160850_stora_skondal,2013,122
2160850_stora_skondal,2014,129
2160920_sodra_svedmyra,2000,19
2160920_sodra_svedmyra,2001,8
2160920_sodra_svedmyra,2002,5
2160920_sodra_svedmyra,2003,-7
2160920_sodra_svedmyra,2004,16
2160920_sodra_svedmyra,2005,8
2160920_sodra_svedmyra,2006,27
2160920_sodra_svedmyra,2007,15
2160920_sodra_svedmyra,2008,27
2160920_sodra_svedmyra,2009,4
2160920_sodra_svedmyra,2010,-1
2160920_sodra_svedmyra,2011,-10
2160920_sodra_svedmyra,2012,-18
2160920_sodra_svedmyra,2013,-15
2160920_sodra_svedmyra,2014,-32
2160930_norra_svedmyra,2000,4
2160930_norra_svedmyra,2001,12
2160930_norra_svedmyra,2002,24
2160930_norra_svedmyra,2003,26
2160930_norra_svedmyra,2004,40
2160930_norra_svedmyra,2005,51
2160930_norra_svedmyra,2006,62
2160930_norra_svedmyra,2007,71
2160930_norra_svedmyra,2008,82
2160930_norra_svedmyra,2009,89
2160930_norra_svedmyra,2010,93
2160930_norra_svedmyra,2011,107
2160930_norra_svedmyra,2012,111
2160930_norra_svedmyra,2013,121
2160930_norra_svedmyra,2014,123
2161020_norra_tallkrogen,2000,7
2161020_norra_tallkrogen,2001,16
2161020_norra_tallkrogen,2002,11
2161020_norra_tallkrogen,2003,18
2161020_norra_tallkrogen,2004,13
2161020_norra_tallkrogen,2005,11
2161020_norra_tallkrogen,2006,10
2161020_norra_tallkrogen,2007,12
2161020_norra_tallkrogen,2008,6
2161020_norra_tallkrogen,2009,8
2161020_norra_tallkrogen,2010,2
2161020_norra_tallkrogen,2011,7
2161020_norra_tallkrogen,2012,-5
2161020_norra_tallkrogen,2013,6
2161020_norra_tallkrogen,2014,19
2161030_sodra_tallkrogen,2000,10
2161030_sodra_tallkrogen,2001,14
2161030_sodra_tallkrogen,2002,16
2161030_sodra_tallkrogen,2003,33
2161030_sodra_tallkrogen,2004,44
2161030_sodra_tallkrogen,2005,59
2161030_sodra_tallkrogen,2006,74
2161030_sodra_tallkrogen,2007,83
2161030_sodra_tallkrogen,2008,96
2161030_sodra_tallkrogen,2009,112
2161030_sodra_tallkrogen,2010,137
2161030_sodra_tallkrogen,2011,153
2161030_sodra_tallkrogen,2012,163
2161030_sodra_tallkrogen,2013,185
2161030_sodra_tallkrogen,2014,187
2170120_bredangs_alle,2000,35
2170120_bredangs_alle,2001,14
2170120_bredangs_alle,2002,0
2170120_bredangs_alle,2003,-27
2170120_bredangs_alle,2004,-45
2170120_bredangs_alle,2005,-70
2170120_bredangs_alle,2006,-73
2170120_bredangs_alle,2007,-93
2170120_bredangs_alle,2008,-118
2170120_bredangs_alle,2009,-141
2170120_bredangs_alle,2010,-159
2170120_bredangs_alle,2011,-173
2170120_bredangs_alle,2012,-191
2170120_bredangs_alle,2013,-186
2170120_bredangs_alle,2014,-194
2170130_yttre_bredang,2000,6
2170130_yttre_bredang,2001,9
2170130_yttre_bredang,2002,5
2170130_yttre_bredang,2003,4
2170130_yttre_bredang,2004,2
2170130_yttre_bredang,2005,-3
2170130_yttre_bredang,2006,-1
2170130_yttre_bredang,2007,1
2170130_yttre_bredang,2008,7
2170130_yttre_bredang,2009,20
2170130_yttre_bredang,2010,9
2170130_yttre_bredang,2011,11
2170130_yttre_bredang,2012,11
2170130_yttre_bredang,2013,18
2170130_yttre_bredang,2014,23
2170220_satra_torg,2000,22
2170220_satra_torg,2001,44
2170220_satra_torg,2002,30
2170220_satra_torg,2003,16
2170220_satra_torg,2004,1
2170220_satra_torg,2005,-4
2170220_satra_torg,2006,-6
2170220_satra_torg,2007,-3
2170220_satra_torg,2008,-9
2170220_satra_torg,2009,-28
2170220_satra_torg,2010,-28
2170220_satra_torg,2011,-30
2170220_satra_torg,2012,-71
2170220_satra_torg,2013,-102
2170220_satra_torg,2014,-78
2170230_norra_satra,2000,3
2170230_norra_satra,2001,-7
2170230_norra_satra,2002,-9
2170230_norra_satra,2003,-3
2170230_norra_satra,2004,13
2170230_norra_satra,2005,8
2170230_norra_satra,2006,0
2170230_norra_satra,2007,4
2170230_norra_satra,2008,11
2170230_norra_satra,2009,19
2170230_norra_satra,2010,28
2170230_norra_satra,2011,38
2170230_norra_satra,2012,32
2170230_norra_satra,2013,29
2170230_norra_satra,2014,33
2170310_skarholmens_centrum,2000,-1
2170310_skarholmens_centrum,2001,-5
2170310_skarholmens_centrum,2002,-7
2170310_skarholmens_centrum,2003,-15
2170310_skarholmens_centrum,2004,-19
2170310_skarholmens_centrum,2005,-17
2170310_skarholmens_centrum,2006,-30
2170310_skarholmens_centrum,2007,-29
2170310_skarholmens_centrum,2008,-37
2170310_skarholmens_centrum,2009,-39
2170310_skarholmens_centrum,2010,-48
2170310_skarholmens_centrum,2011,-54
2170310_skarholmens_centrum,2012,-64
2170310_skarholmens_centrum,2013,-55
2170310_skarholmens_centrum,2014,-58
2170321_skarholmens_gard,2000,0
2170321_skarholmens_gard,2001,3
2170321_skarholmens_gard,2002,-4
2170321_skarholmens_gard,2003,-8
2170321_skarholmens_gard,2004,-4
2170321_skarholmens_gard,2005,-2
2170321_skarholmens_gard,2006,0
2170321_skarholmens_gard,2007,2
2170321_skarholmens_gard,2008,-6
2170321_skarholmens_gard,2009,-9
2170321_skarholmens_gard,2010,-10
2170321_skarholmens_gard,2011,-8
2170321_skarholmens_gard,2012,-14
2170321_skarholmens_gard,2013,-11
2170321_skarholmens_gard,2014,-13
2170322_mellersta_skarholmen,2000,-11
2170322_mellersta_skarholmen,2001,2
2170322_mellersta_skarholmen,2002,-5
2170322_mellersta_skarholmen,2003,-15
2170322_mellersta_skarholmen,2004,-29
2170322_mellersta_skarholmen,2005,-41
2170322_mellersta_skarholmen,2006,-11
2170322_mellersta_skarholmen,2007,-47
2170322_mellersta_skarholmen,2008,-38
2170322_mellersta_skarholmen,2009,-59
2170322_mellersta_skarholmen,2010,-81
2170322_mellersta_skarholmen,2011,-82
2170322_mellersta_skarholmen,2012,-122
2170322_mellersta_skarholmen,2013,-115
2170322_mellersta_skarholmen,2014,-137
2170330_sodra_skarholmen,2000,4
2170330_sodra_skarholmen,2001,2
2170330_sodra_skarholmen,2002,-2
2170330_sodra_skarholmen,2003,-14
2170330_sodra_skarholmen,2004,-16
2170330_sodra_skarholmen,2005,-13
2170330_sodra_skarholmen,2006,-15
2170330_sodra_skarholmen,2007,-15
2170330_sodra_skarholmen,2008,-13
2170330_sodra_skarholmen,2009,-19
2170330_sodra_skarholmen,2010,-16
2170330_sodra_skarholmen,2011,-15
2170330_sodra_skarholmen,2012,-15
2170330_sodra_skarholmen,2013,-15
2170330_sodra_skarholmen,2014,-18
2170420_ostra_varberg,2000,25
2170420_ostra_varberg,2001,12
2170420_ostra_varberg,2002,1
2170420_ostra_varberg,2003,-49
2170420_ostra_varberg,2004,-94
2170420_ostra_varberg,2005,-122
2170420_ostra_varberg,2006,-134
2170420_ostra_varberg,2007,-131
2170420_ostra_varberg,2008,-156
2170420_ostra_varberg,2009,-190
2170420_ostra_varberg,2010,-200
2170420_ostra_varberg,2011,-215
2170420_ostra_varberg,2012,-243
2170420_ostra_varberg,2013,-283
2170420_ostra_varberg,2014,-315
2170430_vastra_varberg,2000,5
2170430_vastra_varberg,2001,3
2170430_vastra_varberg,2002,2
2170430_vastra_varberg,2003,5
2170430_vastra_varberg,2004,4
2170430_vastra_varberg,2005,3
2170430_vastra_varberg,2006,7
2170430_vastra_varberg,2007,6
2170430_vastra_varberg,2008,0
2170430_vastra_varberg,2009,8
2170430_vastra_varberg,2010,9
2170430_vastra_varberg,2011,20
2170430_vastra_varberg,2012,39
2170430_vastra_varberg,2013,46
2170430_vastra_varberg,2014,23
2210120_norra_abrahamsberg,2000,-6
2210120_norra_abrahamsberg,2001,-9
2210120_norra_abrahamsberg,2002,-12
2210120_norra_abrahamsberg,2003,-8
2210120_norra_abrahamsberg,2004,-2
2210120_norra_abrahamsberg,2005,-12
2210120_norra_abrahamsberg,2006,-21
2210120_norra_abrahamsberg,2007,-32
2210120_norra_abrahamsberg,2008,-40
2210120_norra_abrahamsberg,2009,-73
2210120_norra_abrahamsberg,2010,-57
2210120_norra_abrahamsberg,2011,-34
2210120_norra_abrahamsberg,2012,-54
2210120_norra_abrahamsberg,2013,-64
2210120_norra_abrahamsberg,2014,-78
2210130_sodra_abrahamsberg,2000,-5
2210130_sodra_abrahamsberg,2001,-20
2210130_sodra_abrahamsberg,2002,-25
2210130_sodra_abrahamsberg,2003,-22
2210130_sodra_abrahamsberg,2004,-22
2210130_sodra_abrahamsberg,2005,-40
2210130_sodra_abrahamsberg,2006,-71
2210130_sodra_abrahamsberg,2007,-63
2210130_sodra_abrahamsberg,2008,-59
2210130_sodra_abrahamsberg,2009,-62
2210130_sodra_abrahamsberg,2010,-54
2210130_sodra_abrahamsberg,2011,-70
2210130_sodra_abrahamsberg,2012,-67
2210130_sodra_abrahamsberg,2013,-61
2210130_sodra_abrahamsberg,2014,-73
2210200_beckomberga,2000,-20
2210200_beckomberga,2001,-14
2210200_beckomberga,2002,-22
2210200_beckomberga,2003,-40
2210200_beckomberga,2004,-44
2210200_beckomberga,2005,-50
2210200_beckomberga,2006,-60
2210200_beckomberga,2007,-22
2210200_beckomberga,2008,42
2210200_beckomberga,2009,123
2210200_beckomberga,2010,194
2210200_beckomberga,2011,226
2210200_beckomberga,2012,223
2210200_beckomberga,2013,244
2210200_beckomberga,2014,368
2210300_blackeberg,2000,6
2210300_blackeberg,2001,-8
2210300_blackeberg,2002,-1
2210300_blackeberg,2003,-31
2210300_blackeberg,2004,-61
2210300_blackeberg,2005,-60
2210300_blackeberg,2006,0
2210300_blackeberg,2007,17
2210300_blackeberg,2008,25
2210300_blackeberg,2009,-16
2210300_blackeberg,2010,42
2210300_blackeberg,2011,37
2210300_blackeberg,2012,206
2210300_blackeberg,2013,303
2210300_blackeberg,2014,357
2210400_bromma_kyrka,2000,10
2210400_bromma_kyrka,2001,28
2210400_bromma_kyrka,2002,40
2210400_bromma_kyrka,2003,42
2210400_bromma_kyrka,2004,60
2210400_bromma_kyrka,2005,75
2210400_bromma_kyrka,2006,87
2210400_bromma_kyrka,2007,110
2210400_bromma_kyrka,2008,127
2210400_bromma_kyrka,2009,145
2210400_bromma_kyrka,2010,151
2210400_bromma_kyrka,2011,164
2210400_bromma_kyrka,2012,183
2210400_bromma_kyrka,2013,192
2210400_bromma_kyrka,2014,202
2210500_ballsta,2000,10
2210500_ballsta,2001,12
2210500_ballsta,2002,16
2210500_ballsta,2003,15
2210500_ballsta,2004,18
2210500_ballsta,2005,16
2210500_ballsta,2006,17
2210500_ballsta,2007,16
2210500_ballsta,2008,17
2210500_ballsta,2009,15
2210500_ballsta,2010,23
2210500_ballsta,2011,26
2210500_ballsta,2012,37
2210500_ballsta,2013,33
2210500_ballsta,2014,27
2210600_eneby,2000,3
2210600_eneby,2001,12
2210600_eneby,2002,12
2210600_eneby,2003,1
2210600_eneby,2004,8
2210600_eneby,2005,11
2210600_eneby,2006,18
2210600_eneby,2007,16
2210600_eneby,2008,23
2210600_eneby,2009,23
2210600_eneby,2010,20
2210600_eneby,2011,26
2210600_eneby,2012,31
2210600_eneby,2013,37
2210600_eneby,2014,50
2210700_mariehall,2000,3
2210700_mariehall,2001,13
2210700_mariehall,2002,12
2210700_mariehall,2003,9
2210700_mariehall,2004,47
2210700_mariehall,2005,83
2210700_mariehall,2006,87
2210700_mariehall,2007,119
2210700_mariehall,2008,165
2210700_mariehall,2009,158
2210700_mariehall,2010,143
2210700_mariehall,2011,351
2210700_mariehall,2012,677
2210700_mariehall,2013,870
2210700_mariehall,2014,1173
2210830_runstensplan,2000,2
2210830_runstensplan,2001,3
2210830_runstensplan,2002,-1
2210830_runstensplan,2003,21
2210830_runstensplan,2004,41
2210830_runstensplan,2005,46
2210830_runstensplan,2006,50
2210830_runstensplan,2007,84
2210830_runstensplan,2008,92
2210830_runstensplan,2009,121
2210830_runstensplan,2010,127
2210830_runstensplan,2011,124
2210830_runstensplan,2012,144
2210830_runstensplan,2013,151
2210830_runstensplan,2014,170
2210840_angbylunden,2000,24
2210840_angbylunden,2001,38
2210840_angbylunden,2002,45
2210840_angbylunden,2003,51
2210840_angbylunden,2004,62
2210840_angbylunden,2005,69
2210840_angbylunden,2006,76
2210840_angbylunden,2007,87
2210840_angbylunden,2008,102
2210840_angbylunden,2009,119
2210840_angbylunden,2010,127
2210840_angbylunden,2011,152
2210840_angbylunden,2012,168
2210840_angbylunden,2013,171
2210840_angbylunden,2014,183
2210850_attehagen,2000,8
2210850_attehagen,2001,13
2210850_attehagen,2002,15
2210850_attehagen,2003,24
2210850_attehagen,2004,16
2210850_attehagen,2005,32
2210850_attehagen,2006,39
2210850_attehagen,2007,53
2210850_attehagen,2008,50
2210850_attehagen,2009,59
2210850_attehagen,2010,68
2210850_attehagen,2011,69
2210850_attehagen,2012,77
2210850_attehagen,2013,96
2210850_attehagen,2014,117
2210860_akeshovsbadet,2000,-17
2210860_akeshovsbadet,2001,-30
2210860_akeshovsbadet,2002,-57
2210860_akeshovsbadet,2003,-89
2210860_akeshovsbadet,2004,-118
2210860_akeshovsbadet,2005,-143
2210860_akeshovsbadet,2006,-184
2210860_akeshovsbadet,2007,-202
2210860_akeshovsbadet,2008,-190
2210860_akeshovsbadet,2009,-212
2210860_akeshovsbadet,2010,-237
2210860_akeshovsbadet,2011,-257
2210860_akeshovsbadet,2012,-282
2210860_akeshovsbadet,2013,-295
2210860_akeshovsbadet,2014,-309
2210920_sodra_riksby,2000,38
2210920_sodra_riksby,2001,60
2210920_sodra_riksby,2002,52
2210920_sodra_riksby,2003,57
2210920_sodra_riksby,2004,10
2210920_sodra_riksby,2005,-8
2210920_sodra_riksby,2006,-51
2210920_sodra_riksby,2007,-57
2210920_sodra_riksby,2008,-74
2210920_sodra_riksby,2009,-107
2210920_sodra_riksby,2010,-142
2210920_sodra_riksby,2011,-113
2210920_sodra_riksby,2012,-173
2210920_sodra_riksby,2013,-169
2210920_sodra_riksby,2014,-189
2211121_farjestadsvagen_v,2000,12
2211121_farjestadsvagen_v,2001,23
2211121_farjestadsvagen_v,2002,36
2211121_farjestadsvagen_v,2003,49
2211121_farjestadsvagen_v,2004,51
2211121_farjestadsvagen_v,2005,57
2211121_farjestadsvagen_v,2006,65
2211121_farjestadsvagen_v,2007,61
2211121_farjestadsvagen_v,2008,60
2211121_farjestadsvagen_v,2009,68
2211121_farjestadsvagen_v,2010,65
2211121_farjestadsvagen_v,2011,61
2211121_farjestadsvagen_v,2012,63
2211121_farjestadsvagen_v,2013,67
2211121_farjestadsvagen_v,2014,73
2211130_angbyhojden,2000,4
2211130_angbyhojden,2001,7
2211130_angbyhojden,2002,13
2211130_angbyhojden,2003,17
2211130_angbyhojden,2004,11
2211130_angbyhojden,2005,22
2211130_angbyhojden,2006,26
2211130_angbyhojden,2007,36
2211130_angbyhojden,2008,37
2211130_angbyhojden,2009,40
2211130_angbyhojden,2010,43
2211130_angbyhojden,2011,46
2211130_angbyhojden,2012,50
2211130_angbyhojden,2013,56
2211130_angbyhojden,2014,66
2211220_johannesfred,2000,-2
2211220_johannesfred,2001,8
2211220_johannesfred,2002,21
2211220_johannesfred,2003,-10
2211220_johannesfred,2004,-27
2211220_johannesfred,2005,-42
2211220_johannesfred,2006,-59
2211220_johannesfred,2007,-82
2211220_johannesfred,2008,-108
2211220_johannesfred,2009,-133
2211220_johannesfred,2010,-146
2211220_johannesfred,2011,-139
2211220_johannesfred,2012,-143
2211220_johannesfred,2013,-161
2211220_johannesfred,2014,-158
2211300_akeshov,2000,2
2211300_akeshov,2001,-2
2211300_akeshov,2002,9
2211300_akeshov,2003,11
2211300_akeshov,2004,-1
2211300_akeshov,2005,-10
2211300_akeshov,2006,-4
2211300_akeshov,2007,-10
2211300_akeshov,2008,-16
2211300_akeshov,2009,-49
2211300_akeshov,2010,-61
2211300_akeshov,2011,-60
2211300_akeshov,2012,-67
2211300_akeshov,2013,-60
2211300_akeshov,2014,-68
2211420_ostra_akeslund,2000,11
2211420_ostra_akeslund,2001,-21
2211420_ostra_akeslund,2002,-31
2211420_ostra_akeslund,2003,-53
2211420_ostra_akeslund,2004,-43
2211420_ostra_akeslund,2005,-22
2211420_ostra_akeslund,2006,-4
2211420_ostra_akeslund,2007,-12
2211420_ostra_akeslund,2008,5
2211420_ostra_akeslund,2009,20
2211420_ostra_akeslund,2010,12
2211420_ostra_akeslund,2011,2
2211420_ostra_akeslund,2012,-1
2211420_ostra_akeslund,2013,-10
2211420_ostra_akeslund,2014,2
2211460_vastra_akeslund,2000,-2
2211460_vastra_akeslund,2001,-2
2211460_vastra_akeslund,2002,-3
2211460_vastra_akeslund,2003,-21
2211460_vastra_akeslund,2004,-21
2211460_vastra_akeslund,2005,-24
2211460_vastra_akeslund,2006,-28
2211460_vastra_akeslund,2007,-25
2211460_vastra_akeslund,2008,-29
2211460_vastra_akeslund,2009,-27
2211460_vastra_akeslund,2010,-23
2211460_vastra_akeslund,2011,-26
2211460_vastra_akeslund,2012,-20
2211460_vastra_akeslund,2013,-21
2211460_vastra_akeslund,2014,-21
2220100_alvik,2000,-16
2220100_alvik,2001,-9
2220100_alvik,2002,-13
2220100_alvik,2003,-6
2220100_alvik,2004,5
2220100_alvik,2005,-8
2220100_alvik,2006,5
2220100_alvik,2007,15
2220100_alvik,2008,20
2220100_alvik,2009,11
2220100_alvik,2010,8
2220100_alvik,2011,16
2220100_alvik,2012,13
2220100_alvik,2013,-6
2220100_alvik,2014,34
2220200_hoglandet,2000,8
2220200_hoglandet,2001,12
2220200_hoglandet,2002,5
2220200_hoglandet,2003,-3
2220200_hoglandet,2004,3
2220200_hoglandet,2005,7
2220200_hoglandet,2006,23
2220200_hoglandet,2007,28
2220200_hoglandet,2008,40
2220200_hoglandet,2009,53
2220200_hoglandet,2010,64
2220200_hoglandet,2011,68
2220200_hoglandet,2012,83
2220200_hoglandet,2013,86
2220200_hoglandet,2014,90
2220300_nockeby,2000,16
2220300_nockeby,2001,20
2220300_nockeby,2002,0
2220300_nockeby,2003,2
2220300_nockeby,2004,15
2220300_nockeby,2005,28
2220300_nockeby,2006,25
2220300_nockeby,2007,49
2220300_nockeby,2008,29
2220300_nockeby,2009,29
2220300_nockeby,2010,29
2220300_nockeby,2011,34
2220300_nockeby,2012,39
2220300_nockeby,2013,46
2220300_nockeby,2014,64
2220400_nockebyhov,2000,12
2220400_nockebyhov,2001,28
2220400_nockebyhov,2002,25
2220400_nockebyhov,2003,38
2220400_nockebyhov,2004,23
2220400_nockebyhov,2005,47
2220400_nockebyhov,2006,47
2220400_nockebyhov,2007,67
2220400_nockebyhov,2008,81
2220400_nockebyhov,2009,101
2220400_nockebyhov,2010,105
2220400_nockebyhov,2011,97
2220400_nockebyhov,2012,92
2220400_nockebyhov,2013,80
2220400_nockebyhov,2014,37
2220500_olovslund,2000,5
2220500_olovslund,2001,9
2220500_olovslund,2002,16
2220500_olovslund,2003,18
2220500_olovslund,2004,24
2220500_olovslund,2005,28
2220500_olovslund,2006,31
2220500_olovslund,2007,33
2220500_olovslund,2008,39
2220500_olovslund,2009,46
2220500_olovslund,2010,46
2220500_olovslund,2011,43
2220500_olovslund,2012,48
2220500_olovslund,2013,55
2220500_olovslund,2014,57
2220600_smedslatten,2000,-2
2220600_smedslatten,2001,-16
2220600_smedslatten,2002,-5
2220600_smedslatten,2003,-13
2220600_smedslatten,2004,-2
2220600_smedslatten,2005,18
2220600_smedslatten,2006,36
2220600_smedslatten,2007,48
2220600_smedslatten,2008,65
2220600_smedslatten,2009,75
2220600_smedslatten,2010,76
2220600_smedslatten,2011,67
2220600_smedslatten,2012,79
2220600_smedslatten,2013,105
2220600_smedslatten,2014,117
2220700_stora_mossen,2000,8
2220700_stora_mossen,2001,25
2220700_stora_mossen,2002,29
2220700_stora_mossen,2003,62
2220700_stora_mossen,2004,109
2220700_stora_mossen,2005,117
2220700_stora_mossen,2006,115
2220700_stora_mossen,2007,114
2220700_stora_mossen,2008,114
2220700_stora_mossen,2009,120
2220700_stora_mossen,2010,123
2220700_stora_mossen,2011,126
2220700_stora_mossen,2012,139
2220700_stora_mossen,2013,129
2220700_stora_mossen,2014,148
2220820_sodra_traneberg,2000,-24
2220820_sodra_traneberg,2001,-26
2220820_sodra_traneberg,2002,-11
2220820_sodra_traneberg,2003,-39
2220820_sodra_traneberg,2004,-24
2220820_sodra_traneberg,2005,-16
2220820_sodra_traneberg,2006,2
2220820_sodra_traneberg,2007,-17
2220820_sodra_traneberg,2008,-6
2220820_sodra_traneberg,2009,-34
2220820_sodra_traneberg,2010,-57
2220820_sodra_traneberg,2011,-37
2220820_sodra_traneberg,2012,-73
2220820_sodra_traneberg,2013,-83
2220820_sodra_traneberg,2014,-112
2220830_norra_traneberg,2000,-8
2220830_norra_traneberg,2001,-27
2220830_norra_traneberg,2002,-30
2220830_norra_traneberg,2003,-36
2220830_norra_traneberg,2004,-28
2220830_norra_traneberg,2005,-33
2220830_norra_traneberg,2006,-28
2220830_norra_traneberg,2007,-31
2220830_norra_traneberg,2008,-41
2220830_norra_traneberg,2009,-48
2220830_norra_traneberg,2010,-41
2220830_norra_traneberg,2011,-23
2220830_norra_traneberg,2012,-37
2220830_norra_traneberg,2013,-53
2220830_norra_traneberg,2014,-73
2220840_minneberg,2000,1
2220840_minneberg,2001,12
2220840_minneberg,2002,10
2220840_minneberg,2003,13
2220840_minneberg,2004,-1
2220840_minneberg,2005,19
2220840_minneberg,2006,12
2220840_minneberg,2007,39
2220840_minneberg,2008,50
2220840_minneberg,2009,58
2220840_minneberg,2010,69
2220840_minneberg,2011,67
2220840_minneberg,2012,67
2220840_minneberg,2013,74
2220840_minneberg,2014,88
2220900_ulvsunda,2000,-9
2220900_ulvsunda,2001,-1
2220900_ulvsunda,2002,-26
2220900_ulvsunda,2003,-30
2220900_ulvsunda,2004,-41
2220900_ulvsunda,2005,-44
2220900_ulvsunda,2006,-52
2220900_ulvsunda,2007,-57
2220900_ulvsunda,2008,-47
2220900_ulvsunda,2009,-78
2220900_ulvsunda,2010,-92
2220900_ulvsunda,2011,-65
2220900_ulvsunda,2012,-70
2220900_ulvsunda,2013,-74
2220900_ulvsunda,2014,-51
2221000_alsten,2000,14
2221000_alsten,2001,21
2221000_alsten,2002,22
2221000_alsten,2003,46
2221000_alsten,2004,42
2221000_alsten,2005,86
2221000_alsten,2006,88
2221000_alsten,2007,106
2221000_alsten,2008,126
2221000_alsten,2009,138
2221000_alsten,2010,152
2221000_alsten,2011,147
2221000_alsten,2012,153
2221000_alsten,2013,176
2221000_alsten,2014,196
2221100_appelviken,2000,3
2221100_appelviken,2001,7
2221100_appelviken,2002,15
2221100_appelviken,2003,20
2221100_appelviken,2004,22
2221100_appelviken,2005,43
2221100_appelviken,2006,43
2221100_appelviken,2007,50
2221100_appelviken,2008,47
2221100_appelviken,2009,58
2221100_appelviken,2010,59
2221100_appelviken,2011,65
2221100_appelviken,2012,61
2221100_appelviken,2013,73
2221100_appelviken,2014,69
2230100_grimsta,2000,3
2230100_grimsta,2001,34
2230100_grimsta,2002,42
2230100_grimsta,2003,37
2230100_grimsta,2004,28
2230100_grimsta,2005,36
2230100_grimsta,2006,71
2230100_grimsta,2007,95
2230100_grimsta,2008,57
2230100_grimsta,2009,17
2230100_grimsta,2010,-15
2230100_grimsta,2011,13
2230100_grimsta,2012,-5
2230100_grimsta,2013,-11
2230100_grimsta,2014,-15
2230200_kalvesta,2000,-6
2230200_kalvesta,2001,-14
2230200_kalvesta,2002,-24
2230200_kalvesta,2003,-13
2230200_kalvesta,2004,-11
2230200_kalvesta,2005,3
2230200_kalvesta,2006,20
2230200_kalvesta,2007,-1
2230200_kalvesta,2008,6
2230200_kalvesta,2009,4
2230200_kalvesta,2010,15
2230200_kalvesta,2011,30
2230200_kalvesta,2012,37
2230200_kalvesta,2013,57
2230200_kalvesta,2014,60
2230300_nalsta,2000,9
2230300_nalsta,2001,8
2230300_nalsta,2002,32
2230300_nalsta,2003,19
2230300_nalsta,2004,26
2230300_nalsta,2005,34
2230300_nalsta,2006,78
2230300_nalsta,2007,82
2230300_nalsta,2008,102
2230300_nalsta,2009,116
2230300_nalsta,2010,140
2230300_nalsta,2011,149
2230300_nalsta,2012,163
2230300_nalsta,2013,173
2230300_nalsta,2014,185
2230420_vastra_racksta,2000,1
2230420_vastra_racksta,2001,4
2230420_vastra_racksta,2002,9
2230420_vastra_racksta,2003,-4
2230420_vastra_racksta,2004,-10
2230420_vastra_racksta,2005,7
2230420_vastra_racksta,2006,-3
2230420_vastra_racksta,2007,56
2230420_vastra_racksta,2008,118
2230420_vastra_racksta,2009,116
2230420_vastra_racksta,2010,197
2230420_vastra_racksta,2011,227
2230420_vastra_racksta,2012,237
2230420_vastra_racksta,2013,190
2230420_vastra_racksta,2014,157
2230430_ostra_racksta,2000,11
2230430_ostra_racksta,2001,8
2230430_ostra_racksta,2002,13
2230430_ostra_racksta,2003,11
2230430_ostra_racksta,2004,22
2230430_ostra_racksta,2005,25
2230430_ostra_racksta,2006,28
2230430_ostra_racksta,2007,30
2230430_ostra_racksta,2008,40
2230430_ostra_racksta,2009,41
2230430_ostra_racksta,2010,47
2230430_ostra_racksta,2011,54
2230430_ostra_racksta,2012,64
2230430_ostra_racksta,2013,69
2230430_ostra_racksta,2014,80
2230440_racksta_sjukhus,2000,6
2230440_racksta_sjukhus,2001,1
2230440_racksta_sjukhus,2002,-1
2230440_racksta_sjukhus,2003,-14
2230440_racksta_sjukhus,2004,-14
2230440_racksta_sjukhus,2005,-26
2230440_racksta_sjukhus,2006,-29
2230440_racksta_sjukhus,2007,-27
2230440_racksta_sjukhus,2008,-23
2230440_racksta_sjukhus,2009,-27
2230440_racksta_sjukhus,2010,-27
2230440_racksta_sjukhus,2011,-37
2230440_racksta_sjukhus,2012,-35
2230440_racksta_sjukhus,2013,-27
2230440_racksta_sjukhus,2014,-31
2230520_norra_vinsta,2000,4
2230520_norra_vinsta,2001,12
2230520_norra_vinsta,2002,-1
2230520_norra_vinsta,2003,0
2230520_norra_vinsta,2004,14
2230520_norra_vinsta,2005,16
2230520_norra_vinsta,2006,21
2230520_norra_vinsta,2007,13
2230520_norra_vinsta,2008,16
2230520_norra_vinsta,2009,17
2230520_norra_vinsta,2010,17
2230520_norra_vinsta,2011,34
2230520_norra_vinsta,2012,88
2230520_norra_vinsta,2013,158
2230520_norra_vinsta,2014,207
2230560_sodra_vinsta,2000,0
2230560_sodra_vinsta,2001,0
2230560_sodra_vinsta,2002,-3
2230560_sodra_vinsta,2003,2
2230560_sodra_vinsta,2004,12
2230560_sodra_vinsta,2005,3
2230560_sodra_vinsta,2006,5
2230560_sodra_vinsta,2007,4
2230560_sodra_vinsta,2008,3
2230560_sodra_vinsta,2009,6
2230560_sodra_vinsta,2010,2
2230560_sodra_vinsta,2011,2
2230560_sodra_vinsta,2012,-13
2230560_sodra_vinsta,2013,-17
2230560_sodra_vinsta,2014,-21
2230610_vallingby_centrum,2000,-6
2230610_vallingby_centrum,2001,-5
2230610_vallingby_centrum,2002,-11
2230610_vallingby_centrum,2003,-17
2230610_vallingby_centrum,2004,-17
2230610_vallingby_centrum,2005,-16
2230610_vallingby_centrum,2006,-19
2230610_vallingby_centrum,2007,-26
2230610_vallingby_centrum,2008,-26
2230610_vallingby_centrum,2009,-9
2230610_vallingby_centrum,2010,35
2230610_vallingby_centrum,2011,29
2230610_vallingby_centrum,2012,19
2230610_vallingby_centrum,2013,23
2230610_vallingby_centrum,2014,13
2230620_sodra_vallingby,2000,4
2230620_sodra_vallingby,2001,7
2230620_sodra_vallingby,2002,-1
2230620_sodra_vallingby,2003,-1
2230620_sodra_vallingby,2004,-12
2230620_sodra_vallingby,2005,-41
2230620_sodra_vallingby,2006,11
2230620_sodra_vallingby,2007,22
2230620_sodra_vallingby,2008,2
2230620_sodra_vallingby,2009,-21
2230620_sodra_vallingby,2010,-23
2230620_sodra_vallingby,2011,-35
2230620_sodra_vallingby,2012,-47
2230620_sodra_vallingby,2013,-44
2230620_sodra_vallingby,2014,-75
2230630_norra_vallingby,2000,5
2230630_norra_vallingby,2001,14
2230630_norra_vallingby,2002,26
2230630_norra_vallingby,2003,32
2230630_norra_vallingby,2004,44
2230630_norra_vallingby,2005,60
2230630_norra_vallingby,2006,58
2230630_norra_vallingby,2007,72
2230630_norra_vallingby,2008,77
2230630_norra_vallingby,2009,94
2230630_norra_vallingby,2010,111
2230630_norra_vallingby,2011,124
2230630_norra_vallingby,2012,128
2230630_norra_vallingby,2013,155
2230630_norra_vallingby,2014,175
2240121_sodra_bromsten_n,2000,5
2240121_sodra_bromsten_n,2001,2
2240121_sodra_bromsten_n,2002,9
2240121_sodra_bromsten_n,2003,13
2240121_sodra_bromsten_n,2004,12
2240121_sodra_bromsten_n,2005,10
2240121_sodra_bromsten_n,2006,11
2240121_sodra_bromsten_n,2007,14
2240121_sodra_bromsten_n,2008,14
2240121_sodra_bromsten_n,2009,12
2240121_sodra_bromsten_n,2010,17
2240121_sodra_bromsten_n,2011,16
2240121_sodra_bromsten_n,2012,20
2240121_sodra_bromsten_n,2013,26
2240121_sodra_bromsten_n,2014,23
2240122_sodra_bromsten_s,2000,-4
2240122_sodra_bromsten_s,2001,-6
2240122_sodra_bromsten_s,2002,-10
2240122_sodra_bromsten_s,2003,-13
2240122_sodra_bromsten_s,2004,-14
2240122_sodra_bromsten_s,2005,-9
2240122_sodra_bromsten_s,2006,-7
2240122_sodra_bromsten_s,2007,26
2240122_sodra_bromsten_s,2008,44
2240122_sodra_bromsten_s,2009,51
2240122_sodra_bromsten_s,2010,58
2240122_sodra_bromsten_s,2011,68
2240122_sodra_bromsten_s,2012,73
2240122_sodra_bromsten_s,2013,65
2240122_sodra_bromsten_s,2014,65
2240130_norra_bromsten,2000,20
2240130_norra_bromsten,2001,32
2240130_norra_bromsten,2002,21
2240130_norra_bromsten,2003,34
2240130_norra_bromsten,2004,35
2240130_norra_bromsten,2005,25
2240130_norra_bromsten,2006,33
2240130_norra_bromsten,2007,28
2240130_norra_bromsten,2008,20
2240130_norra_bromsten,2009,19
2240130_norra_bromsten,2010,19
2240130_norra_bromsten,2011,32
2240130_norra_bromsten,2012,22
2240130_norra_bromsten,2013,47
2240130_norra_bromsten,2014,36
2240200_flysta,2000,7
2240200_flysta,2001,17
2240200_flysta,2002,28
2240200_flysta,2003,28
2240200_flysta,2004,36
2240200_flysta,2005,41
2240200_flysta,2006,51
2240200_flysta,2007,65
2240200_flysta,2008,53
2240200_flysta,2009,48
2240200_flysta,2010,69
2240200_flysta,2011,81
2240200_flysta,2012,94
2240200_flysta,2013,105
2240200_flysta,2014,105
2240520_norra_rinkeby_kvarnby_norra_rinkeby_askeby,2000,-25
2240520_norra_rinkeby_kvarnby_norra_rinkeby_askeby,2001,-30
2240520_norra_rinkeby_kvarnby_norra_rinkeby_askeby,2002,-80
2240520_norra_rinkeby_kvarnby_norra_rinkeby_askeby,2003,-143
2240520_norra_rinkeby_kvarnby_norra_rinkeby_askeby,2004,-211
2240520_norra_rinkeby_kvarnby_norra_rinkeby_askeby,2005,-243
2240520_norra_rinkeby_kvarnby_norra_rinkeby_askeby,2006,-265
2240520_norra_rinkeby_kvarnby_norra_rinkeby_askeby,2007,-303
2240520_norra_rinkeby_kvarnby_norra_rinkeby_askeby,2008,-351
2240520_norra_rinkeby_kvarnby_norra_rinkeby_askeby,2009,-379
2240520_norra_rinkeby_kvarnby_norra_rinkeby_askeby,2010,-404
2240520_norra_rinkeby_kvarnby_norra_rinkeby_askeby,2011,-426
2240520_norra_rinkeby_kvarnby_norra_rinkeby_askeby,2012,-464
2240520_norra_rinkeby_kvarnby_norra_rinkeby_askeby,2013,-511
2240520_norra_rinkeby_kvarnby_norra_rinkeby_askeby,2014,-568
2240530_sodra_rinkeby_knutby_sodra_rinkeby_bredby,2000,-10
2240530_sodra_rinkeby_knutby_sodra_rinkeby_bredby,2001,-17
2240530_sodra_rinkeby_knutby_sodra_rinkeby_bredby,2002,-34
2240530_sodra_rinkeby_knutby_sodra_rinkeby_bredby,2003,-49
2240530_sodra_rinkeby_knutby_sodra_rinkeby_bredby,2004,-62
2240530_sodra_rinkeby_knutby_sodra_rinkeby_bredby,2005,-92
2240530_sodra_rinkeby_knutby_sodra_rinkeby_bredby,2006,-103
2240530_sodra_rinkeby_knutby_sodra_rinkeby_bredby,2007,-121
2240530_sodra_rinkeby_knutby_sodra_rinkeby_bredby,2008,-146
2240530_sodra_rinkeby_knutby_sodra_rinkeby_bredby,2009,-154
2240530_sodra_rinkeby_knutby_sodra_rinkeby_bredby,2010,-148
2240530_sodra_rinkeby_knutby_sodra_rinkeby_bredby,2011,-179
2240530_sodra_rinkeby_knutby_sodra_rinkeby_bredby,2012,-191
2240530_sodra_rinkeby_knutby_sodra_rinkeby_bredby,2013,-202
2240530_sodra_rinkeby_knutby_sodra_rinkeby_bredby,2014,-211
2240621_solhojden,2000,6
2240621_solhojden,2001,6
2240621_solhojden,2002,13
2240621_solhojden,2003,23
2240621_solhojden,2004,17
2240621_solhojden,2005,24
2240621_solhojden,2006,29
2240621_solhojden,2007,33
2240621_solhojden,2008,32
2240621_solhojden,2009,31
2240621_solhojden,2010,40
2240621_solhojden,2011,49
2240621_solhojden,2012,44
2240621_solhojden,2013,48
2240621_solhojden,2014,33
2240622_spanga_torg,2000,0
2240622_spanga_torg,2001,-7
2240622_spanga_torg,2002,-7
2240622_spanga_torg,2003,-4
2240622_spanga_torg,2004,1
2240622_spanga_torg,2005,-3
2240622_spanga_torg,2006,9
2240622_spanga_torg,2007,3
2240622_spanga_torg,2008,5
2240622_spanga_torg,2009,1
2240622_spanga_torg,2010,4
2240622_spanga_torg,2011,-5
2240622_spanga_torg,2012,-2
2240622_spanga_torg,2013,-7
2240622_spanga_torg,2014,-8
2240631_solhems_villastad_vast,2000,15
2240631_solhems_villastad_vast,2001,14
2240631_solhems_villastad_vast,2002,11
2240631_solhems_villastad_vast,2003,0
2240631_solhems_villastad_vast,2004,2
2240631_solhems_villastad_vast,2005,12
2240631_solhems_villastad_vast,2006,17
2240631_solhems_villastad_vast,2007,34
2240631_solhems_villastad_vast,2008,38
2240631_solhems_villastad_vast,2009,37
2240631_solhems_villastad_vast,2010,48
2240631_solhems_villastad_vast,2011,59
2240631_solhems_villastad_vast,2012,55
2240631_solhems_villastad_vast,2013,57
2240631_solhems_villastad_vast,2014,71
2240632_spanga_gymnasium,2000,32
2240632_spanga_gymnasium,2001,40
2240632_spanga_gymnasium,2002,37
2240632_spanga_gymnasium,2003,53
2240632_spanga_gymnasium,2004,76
2240632_spanga_gymnasium,2005,89
2240632_spanga_gymnasium,2006,100
2240632_spanga_gymnasium,2007,112
2240632_spanga_gymnasium,2008,123
2240632_spanga_gymnasium,2009,131
2240632_spanga_gymnasium,2010,149
2240632_spanga_gymnasium,2011,164
2240632_spanga_gymnasium,2012,186
2240632_spanga_gymnasium,2013,201
2240632_spanga_gymnasium,2014,201
2240640_solhems_villastad_nord,2000,4
2240640_solhems_villastad_nord,2001,11
2240640_solhems_villastad_nord,2002,10
2240640_solhems_villastad_nord,2003,0
2240640_solhems_villastad_nord,2004,5
2240640_solhems_villastad_nord,2005,5
2240640_solhems_villastad_nord,2006,9
2240640_solhems_villastad_nord,2007,18
2240640_solhems_villastad_nord,2008,11
2240640_solhems_villastad_nord,2009,12
2240640_solhems_villastad_nord,2010,14
2240640_solhems_villastad_nord,2011,14
2240640_solhems_villastad_nord,2012,14
2240640_solhems_villastad_nord,2013,20
2240640_solhems_villastad_nord,2014,18
2240650_logvagen_erland,2000,-6
2240650_logvagen_erland,2001,-6
2240650_logvagen_erland,2002,-1
2240650_logvagen_erland,2003,-1
2240650_logvagen_erland,2004,4
2240650_logvagen_erland,2005,11
2240650_logvagen_erland,2006,8
2240650_logvagen_erland,2007,4
2240650_logvagen_erland,2008,-1
2240650_logvagen_erland,2009,-8
2240650_logvagen_erland,2010,-7
2240650_logvagen_erland,2011,-2
2240650_logvagen_erland,2012,-2
2240650_logvagen_erland,2013,-5
2240650_logvagen_erland,2014,-8
2240700_sundby,2000,12
2240700_sundby,2001,15
2240700_sundby,2002,13
2240700_sundby,2003,26
2240700_sundby,2004,29
2240700_sundby,2005,43
2240700_sundby,2006,73
2240700_sundby,2007,64
2240700_sundby,2008,72
2240700_sundby,2009,79
2240700_sundby,2010,90
2240700_sundby,2011,91
2240700_sundby,2012,90
2240700_sundby,2013,95
2240700_sundby,2014,99
2240820_norra_tensta_spanga_kyrkvag_norra_tensta_tensta_alle,2000,-15
2240820_norra_tensta_spanga_kyrkvag_norra_tensta_tensta_alle,2001,-4
2240820_norra_tensta_spanga_kyrkvag_norra_tensta_tensta_alle,2002,-32
2240820_norra_tensta_spanga_kyrkvag_norra_tensta_tensta_alle,2003,-75
2240820_norra_tensta_spanga_kyrkvag_norra_tensta_tensta_alle,2004,-107
2240820_norra_tensta_spanga_kyrkvag_norra_tensta_tensta_alle,2005,-129
2240820_norra_tensta_spanga_kyrkvag_norra_tensta_tensta_alle,2006,-164
2240820_norra_tensta_spanga_kyrkvag_norra_tensta_tensta_alle,2007,-168
2240820_norra_tensta_spanga_kyrkvag_norra_tensta_tensta_alle,2008,-210
2240820_norra_tensta_spanga_kyrkvag_norra_tensta_tensta_alle,2009,-230
2240820_norra_tensta_spanga_kyrkvag_norra_tensta_tensta_alle,2010,-222
2240820_norra_tensta_spanga_kyrkvag_norra_tensta_tensta_alle,2011,-247
2240820_norra_tensta_spanga_kyrkvag_norra_tensta_tensta_alle,2012,-274
2240820_norra_tensta_spanga_kyrkvag_norra_tensta_tensta_alle,2013,-277
2240820_norra_tensta_spanga_kyrkvag_norra_tensta_tensta_alle,2014,-345
2240830_sodra_tensta_spanga_kyrka_sodra_tensta_tensta_kyrka,2000,8
2240830_sodra_tensta_spanga_kyrka_sodra_tensta_tensta_kyrka,2001,6
2240830_sodra_tensta_spanga_kyrka_sodra_tensta_tensta_kyrka,2002,-4
2240830_sodra_tensta_spanga_kyrka_sodra_tensta_tensta_kyrka,2003,-14
2240830_sodra_tensta_spanga_kyrka_sodra_tensta_tensta_kyrka,2004,-12
2240830_sodra_tensta_spanga_kyrka_sodra_tensta_tensta_kyrka,2005,-28
2240830_sodra_tensta_spanga_kyrka_sodra_tensta_tensta_kyrka,2006,-45
2240830_sodra_tensta_spanga_kyrka_sodra_tensta_tensta_kyrka,2007,-63
2240830_sodra_tensta_spanga_kyrka_sodra_tensta_tensta_kyrka,2008,-66
2240830_sodra_tensta_spanga_kyrka_sodra_tensta_tensta_kyrka,2009,-77
2240830_sodra_tensta_spanga_kyrka_sodra_tensta_tensta_kyrka,2010,-85
2240830_sodra_tensta_spanga_kyrka_sodra_tensta_tensta_kyrka,2011,-88
2240830_sodra_tensta_spanga_kyrka_sodra_tensta_tensta_kyrka,2012,-97
2240830_sodra_tensta_spanga_kyrka_sodra_tensta_tensta_kyrka,2013,-123
2240830_sodra_tensta_spanga_kyrka_sodra_tensta_tensta_kyrka,2014,-135
2240840_hjulsta,2000,0
2240840_hjulsta,2001,-9
2240840_hjulsta,2002,-30
2240840_hjulsta,2003,-29
2240840_hjulsta,2004,-38
2240840_hjulsta,2005,-64
2240840_hjulsta,2006,-89
2240840_hjulsta,2007,-107
2240840_hjulsta,2008,-103
2240840_hjulsta,2009,-120
2240840_hjulsta,2010,-126
2240840_hjulsta,2011,-115
2240840_hjulsta,2012,-119
2240840_hjulsta,2013,-121
2240840_hjulsta,2014,-131
2250120_hasselby_torg,2000,3
2250120_hasselby_torg,2001,5
2250120_hasselby_torg,2002,7
2250120_hasselby_torg,2003,-7
2250120_hasselby_torg,2004,-53
2250120_hasselby_torg,2005,-73
2250120_hasselby_torg,2006,-116
2250120_hasselby_torg,2007,-103
2250120_hasselby_torg,2008,-140
2250120_hasselby_torg,2009,-188
2250120_hasselby_torg,2010,-205
2250120_hasselby_torg,2011,-217
2250120_hasselby_torg,2012,-236
2250120_hasselby_torg,2013,-246
2250120_hasselby_torg,2014,-268
2250130_vastra_hasselby_gard,2000,5
2250130_vastra_hasselby_gard,2001,3
2250130_vastra_hasselby_gard,2002,7
2250130_vastra_hasselby_gard,2003,7
2250130_vastra_hasselby_gard,2004,7
2250130_vastra_hasselby_gard,2005,12
2250130_vastra_hasselby_gard,2006,22
2250130_vastra_hasselby_gard,2007,29
2250130_vastra_hasselby_gard,2008,26
2250130_vastra_hasselby_gard,2009,35
2250130_vastra_hasselby_gard,2010,39
2250130_vastra_hasselby_gard,2011,41
2250130_vastra_hasselby_gard,2012,47
2250130_vastra_hasselby_gard,2013,51
2250130_vastra_hasselby_gard,2014,56
2250140_sodra_hasselby_gard,2000,6
2250140_sodra_hasselby_gard,2001,8
2250140_sodra_hasselby_gard,2002,-2
2250140_sodra_hasselby_gard,2003,-6
2250140_sodra_hasselby_gard,2004,-19
2250140_sodra_hasselby_gard,2005,-27
2250140_sodra_hasselby_gard,2006,-32
2250140_sodra_hasselby_gard,2007,-42
2250140_sodra_hasselby_gard,2008,-26
2250140_sodra_hasselby_gard,2009,-56
2250140_sodra_hasselby_gard,2010,-68
2250140_sodra_hasselby_gard,2011,-86
2250140_sodra_hasselby_gard,2012,-116
2250140_sodra_hasselby_gard,2013,-127
2250140_sodra_hasselby_gard,2014,-157
2250200_hasselby_strand,2000,9
2250200_hasselby_strand,2001,34
2250200_hasselby_strand,2002,55
2250200_hasselby_strand,2003,41
2250200_hasselby_strand,2004,27
2250200_hasselby_strand,2005,34
2250200_hasselby_strand,2006,34
2250200_hasselby_strand,2007,18
2250200_hasselby_strand,2008,28
2250200_hasselby_strand,2009,-4
2250200_hasselby_strand,2010,-14
2250200_hasselby_strand,2011,4
2250200_hasselby_strand,2012,28
2250200_hasselby_strand,2013,57
2250200_hasselby_strand,2014,71
2250310_backlura,2000,6
2250310_backlura,2001,4
2250310_backlura,2002,-4
2250310_backlura,2003,4
2250310_backlura,2004,3
2250310_backlura,2005,4
2250310_backlura,2006,12
2250310_backlura,2007,18
2250310_backlura,2008,19
2250310_backlura,2009,21
2250310_backlura,2010,22
2250310_backlura,2011,33
2250310_backlura,2012,32
2250310_backlura,2013,43
2250310_backlura,2014,43
2250320_trollboda,2000,26
2250320_trollboda,2001,31
2250320_trollboda,2002,42
2250320_trollboda,2003,50
2250320_trollboda,2004,54
2250320_trollboda,2005,54
2250320_trollboda,2006,52
2250320_trollboda,2007,37
2250320_trollboda,2008,72
2250320_trollboda,2009,81
2250320_trollboda,2010,96
2250320_trollboda,2011,105
2250320_trollboda,2012,103
2250320_trollboda,2013,119
2250320_trollboda,2014,130
2250332_hasselby_villastrand,2000,25
2250332_hasselby_villastrand,2001,34
2250332_hasselby_villastrand,2002,51
2250332_hasselby_villastrand,2003,73
2250332_hasselby_villastrand,2004,71
2250332_hasselby_villastrand,2005,91
2250332_hasselby_villastrand,2006,92
2250332_hasselby_villastrand,2007,120
2250332_hasselby_villastrand,2008,149
2250332_hasselby_villastrand,2009,168
2250332_hasselby_villastrand,2010,185
2250332_hasselby_villastrand,2011,211
2250332_hasselby_villastrand,2012,235
2250332_hasselby_villastrand,2013,260
2250332_hasselby_villastrand,2014,278
2250340_hasselby_kyrka,2000,11
2250340_hasselby_kyrka,2001,11
2250340_hasselby_kyrka,2002,2
2250340_hasselby_kyrka,2003,-1
2250340_hasselby_kyrka,2004,-3
2250340_hasselby_kyrka,2005,3
2250340_hasselby_kyrka,2006,9
2250340_hasselby_kyrka,2007,8
2250340_hasselby_kyrka,2008,-2
2250340_hasselby_kyrka,2009,4
2250340_hasselby_kyrka,2010,2
2250340_hasselby_kyrka,2011,1
2250340_hasselby_kyrka,2012,12
2250340_hasselby_kyrka,2013,26
2250340_hasselby_kyrka,2014,32
2250350_akermyntan,2000,7
2250350_akermyntan,2001,19
2250350_akermyntan,2002,13
2250350_akermyntan,2003,2
2250350_akermyntan,2004,0
2250350_akermyntan,2005,-8
2250350_akermyntan,2006,-18
2250350_akermyntan,2007,-17
2250350_akermyntan,2008,-18
2250350_akermyntan,2009,-25
2250350_akermyntan,2010,-24
2250350_akermyntan,2011,-23
2250350_akermyntan,2012,-24
2250350_akermyntan,2013,-27
2250350_akermyntan,2014,-21
2250370_radisvagen,2000,-5
2250370_radisvagen,2001,3
2250370_radisvagen,2002,8
2250370_radisvagen,2003,9
2250370_radisvagen,2004,12
2250370_radisvagen,2005,17
2250370_radisvagen,2006,31
2250370_radisvagen,2007,30
2250370_radisvagen,2008,27
2250370_radisvagen,2009,28
2250370_radisvagen,2010,31
2250370_radisvagen,2011,30
2250370_radisvagen,2012,33
2250370_radisvagen,2013,41
2250370_radisvagen,2014,46
2250380_smedshagen,2000,6
2250380_smedshagen,2001,-2
2250380_smedshagen,2002,-12
2250380_smedshagen,2003,-18
2250380_smedshagen,2004,-20
2250380_smedshagen,2005,-37
2250380_smedshagen,2006,-54
2250380_smedshagen,2007,-64
2250380_smedshagen,2008,-77
2250380_smedshagen,2009,-76
2250380_smedshagen,2010,-80
2250380_smedshagen,2011,-70
2250380_smedshagen,2012,-78
2250380_smedshagen,2013,-79
2250380_smedshagen,2014,-92
2260120_centrala_akalla,2000,-10
2260120_centrala_akalla,2001,-13
2260120_centrala_akalla,2002,-33
2260120_centrala_akalla,2003,-69
2260120_centrala_akalla,2004,-86
2260120_centrala_akalla,2005,-104
2260120_centrala_akalla,2006,-146
2260120_centrala_akalla,2007,-170
2260120_centrala_akalla,2008,-197
2260120_centrala_akalla,2009,-242
2260120_centrala_akalla,2010,-264
2260120_centrala_akalla,2011,-303
2260120_centrala_akalla,2012,-326
2260120_centrala_akalla,2013,-320
2260120_centrala_akalla,2014,-331
2260130_sodra_akalla,2000,6
2260130_sodra_akalla,2001,14
2260130_sodra_akalla,2002,0
2260130_sodra_akalla,2003,8
2260130_sodra_akalla,2004,8
2260130_sodra_akalla,2005,-7
2260130_sodra_akalla,2006,-25
2260130_sodra_akalla,2007,-11
2260130_sodra_akalla,2008,-20
2260130_sodra_akalla,2009,-19
2260130_sodra_akalla,2010,-22
2260130_sodra_akalla,2011,-6
2260130_sodra_akalla,2012,-10
2260130_sodra_akalla,2013,-33
2260130_sodra_akalla,2014,-20
2260220_norra_husby,2000,3
2260220_norra_husby,2001,5
2260220_norra_husby,2002,9
2260220_norra_husby,2003,8
2260220_norra_husby,2004,1
2260220_norra_husby,2005,-9
2260220_norra_husby,2006,-29
2260220_norra_husby,2007,-32
2260220_norra_husby,2008,-48
2260220_norra_husby,2009,-49
2260220_norra_husby,2010,-67
2260220_norra_husby,2011,-102
2260220_norra_husby,2012,-121
2260220_norra_husby,2013,-147
2260220_norra_husby,2014,-172
2260230_sodra_husby,2000,27
2260230_sodra_husby,2001,36
2260230_sodra_husby,2002,-3
2260230_sodra_husby,2003,-57
2260230_sodra_husby,2004,-134
2260230_sodra_husby,2005,-243
2260230_sodra_husby,2006,-371
2260230_sodra_husby,2007,-587
2260230_sodra_husby,2008,-819
2260230_sodra_husby,2009,-958
2260230_sodra_husby,2010,-1010
2260230_sodra_husby,2011,-1073
2260230_sodra_husby,2012,-1109
2260230_sodra_husby,2013,-1173
2260230_sodra_husby,2014,-1224
2260310_kista_centrum,2000,3
2260310_kista_centrum,2001,3
2260310_kista_centrum,2002,0
2260310_kista_centrum,2003,20
2260310_kista_centrum,2004,28
2260310_kista_centrum,2005,13
2260310_kista_centrum,2006,-17
2260310_kista_centrum,2007,-16
2260310_kista_centrum,2008,-34
2260310_kista_centrum,2009,-100
2260310_kista_centrum,2010,-128
2260310_kista_centrum,2011,-199
2260310_kista_centrum,2012,-220
2260310_kista_centrum,2013,-270
2260310_kista_centrum,2014,-285
2260320_ovre_kista,2000,59
2260320_ovre_kista,2001,60
2260320_ovre_kista,2002,52
2260320_ovre_kista,2003,37
2260320_ovre_kista,2004,-15
2260320_ovre_kista,2005,-39
2260320_ovre_kista,2006,-51
2260320_ovre_kista,2007,-116
2260320_ovre_kista,2008,-146
2260320_ovre_kista,2009,-173
2260320_ovre_kista,2010,-231
2260320_ovre_kista,2011,-264
2260320_ovre_kista,2012,-274
2260320_ovre_kista,2013,-302
2260320_ovre_kista,2014,-379
2260330_nedre_kista,2000,5
2260330_nedre_kista,2001,12
2260330_nedre_kista,2002,11
2260330_nedre_kista,2003,22
2260330_nedre_kista,2004,18
2260330_nedre_kista,2005,-4
2260330_nedre_kista,2006,-27
2260330_nedre_kista,2007,-43
2260330_nedre_kista,2008,-67
2260330_nedre_kista,2009,-98
2260330_nedre_kista,2010,-155
2260330_nedre_kista,2011,-218
2260330_nedre_kista,2012,-235
2260330_nedre_kista,2013,-224
2260330_nedre_kista,2014,-246
6310110_ostra_centrum,2000,-1
6310110_ostra_centrum,2001,-4
6310110_ostra_centrum,2002,0
6310110_ostra_centrum,2003,-6
6310110_ostra_centrum,2004,-14
6310110_ostra_centrum,2005,-24
6310110_ostra_centrum,2006,-38
6310110_ostra_centrum,2007,-52
6310110_ostra_centrum,2008,-63
6310110_ostra_centrum,2009,-77
6310110_ostra_centrum,2010,-81
6310110_ostra_centrum,2011,-102
6310110_ostra_centrum,2012,-103
6310110_ostra_centrum,2013,-109
6310110_ostra_centrum,2014,-120
6310120_vastra_centrum,2000,7
6310120_vastra_centrum,2001,3
6310120_vastra_centrum,2002,-6
6310120_vastra_centrum,2003,-8
6310120_vastra_centrum,2004,-23
6310120_vastra_centrum,2005,-50
6310120_vastra_centrum,2006,-53
6310120_vastra_centrum,2007,-60
6310120_vastra_centrum,2008,-82
6310120_vastra_centrum,2009,-71
6310120_vastra_centrum,2010,-86
6310120_vastra_centrum,2011,-81
6310120_vastra_centrum,2012,-96
6310120_vastra_centrum,2013,-103
6310120_vastra_centrum,2014,-101
6310130_kvarnberga,2000,-1
6310130_kvarnberga,2001,-10
6310130_kvarnberga,2002,-8
6310130_kvarnberga,2003,-10
6310130_kvarnberga,2004,-17
6310130_kvarnberga,2005,-16
6310130_kvarnberga,2006,-23
6310130_kvarnberga,2007,-46
6310130_kvarnberga,2008,-53
6310130_kvarnberga,2009,-50
6310130_kvarnberga,2010,-54
6310130_kvarnberga,2011,-49
6310130_kvarnberga,2012,-42
6310130_kvarnberga,2013,-60
6310130_kvarnberga,2014,-32
6310170_vardsholmen,2000,-7
6310170_vardsholmen,2001,-13
6310170_vardsholmen,2002,-7
6310170_vardsholmen,2003,-20
6310170_vardsholmen,2004,-33
6310170_vardsholmen,2005,-34
6310170_vardsholmen,2006,-44
6310170_vardsholmen,2007,-46
6310170_vardsholmen,2008,-54
6310170_vardsholmen,2009,-74
6310170_vardsholmen,2010,-68
6310170_vardsholmen,2011,-76
6310170_vardsholmen,2012,-87
6310170_vardsholmen,2013,-98
6310170_vardsholmen,2014,-120
6310320_blombacka,2000,-1
6310320_blombacka,2001,3
6310320_blombacka,2002,-2
6310320_blombacka,2003,4
6310320_blombacka,2004,-8
6310320_blombacka,2005,-13
6310320_blombacka,2006,-10
6310320_blombacka,2007,-21
6310320_blombacka,2008,-34
6310320_blombacka,2009,-37
6310320_blombacka,2010,-48
6310320_blombacka,2011,-59
6310320_blombacka,2012,-74
6310320_blombacka,2013,-79
6310320_blombacka,2014,-90
6310330_mariekalla,2000,2
6310330_mariekalla,2001,14
6310330_mariekalla,2002,25
6310330_mariekalla,2003,16
6310330_mariekalla,2004,-13
6310330_mariekalla,2005,-12
6310330_mariekalla,2006,-25
6310330_mariekalla,2007,-35
6310330_mariekalla,2008,-62
6310330_mariekalla,2009,-67
6310330_mariekalla,2010,-95
6310330_mariekalla,2011,-114
6310330_mariekalla,2012,-145
6310330_mariekalla,2013,-167
6310330_mariekalla,2014,-210
6310340_saltskog,2000,-3
6310340_saltskog,2001,1
6310340_saltskog,2002,-3
6310340_saltskog,2003,-10
6310340_saltskog,2004,-11
6310340_saltskog,2005,-17
6310340_saltskog,2006,-35
6310340_saltskog,2007,-50
6310340_saltskog,2008,-73
6310340_saltskog,2009,-74
6310340_saltskog,2010,-82
6310340_saltskog,2011,-73
6310340_saltskog,2012,-71
6310340_saltskog,2013,-74
6310340_saltskog,2014,-74
6310351_sodra_vastergard,2000,-2
6310351_sodra_vastergard,2001,-3
6310351_sodra_vastergard,2002,-5
6310351_sodra_vastergard,2003,0
6310351_sodra_vastergard,2004,1
6310351_sodra_vastergard,2005,-4
6310351_sodra_vastergard,2006,0
6310351_sodra_vastergard,2007,-5
6310351_sodra_vastergard,2008,-2
6310351_sodra_vastergard,2009,4
6310351_sodra_vastergard,2010,6
6310351_sodra_vastergard,2011,3
6310351_sodra_vastergard,2012,12
6310351_sodra_vastergard,2013,18
6310351_sodra_vastergard,2014,21
6310352_norra_vastergard,2000,-14
6310352_norra_vastergard,2001,-1
6310352_norra_vastergard,2002,1
6310352_norra_vastergard,2003,-19
6310352_norra_vastergard,2004,-21
6310352_norra_vastergard,2005,-22
6310352_norra_vastergard,2006,-36
6310352_norra_vastergard,2007,-55
6310352_norra_vastergard,2008,-63
6310352_norra_vastergard,2009,-89
6310352_norra_vastergard,2010,-106
6310352_norra_vastergard,2011,-91
6310352_norra_vastergard,2012,-74
6310352_norra_vastergard,2013,-82
6310352_norra_vastergard,2014,-89
6310353_vastra_vastergard,2000,3
6310353_vastra_vastergard,2001,2
6310353_vastra_vastergard,2002,-1
6310353_vastra_vastergard,2003,-1
6310353_vastra_vastergard,2004,3
6310353_vastra_vastergard,2005,3
6310353_vastra_vastergard,2006,6
6310353_vastra_vastergard,2007,15
6310353_vastra_vastergard,2008,17
6310353_vastra_vastergard,2009,24
6310353_vastra_vastergard,2010,24
6310353_vastra_vastergard,2011,20
6310353_vastra_vastergard,2012,17
6310353_vastra_vastergard,2013,12
6310353_vastra_vastergard,2014,13
6310360_barstafaltet,2000,0
6310360_barstafaltet,2001,0
6310360_barstafaltet,2002,-4
6310360_barstafaltet,2003,-4
6310360_barstafaltet,2004,-3
6310360_barstafaltet,2005,0
6310360_barstafaltet,2006,3
6310360_barstafaltet,2007,10
6310360_barstafaltet,2008,10
6310360_barstafaltet,2009,10
6310360_barstafaltet,2010,11
6310360_barstafaltet,2011,8
6310360_barstafaltet,2012,13
6310360_barstafaltet,2013,10
6310360_barstafaltet,2014,10
6310370_barstabergen,2000,1
6310370_barstabergen,2001,3
6310370_barstabergen,2002,4
6310370_barstabergen,2003,-8
6310370_barstabergen,2004,6
6310370_barstabergen,2005,9
6310370_barstabergen,2006,12
6310370_barstabergen,2007,-2
6310370_barstabergen,2008,-8
6310370_barstabergen,2009,-22
6310370_barstabergen,2010,-23
6310370_barstabergen,2011,-21
6310370_barstabergen,2012,-32
6310370_barstabergen,2013,-33
6310370_barstabergen,2014,-29
6310422_stationsomradet_sodra,2000,-1
6310422_stationsomradet_sodra,2001,-1
6310422_stationsomradet_sodra,2002,-3
6310422_stationsomradet_sodra,2003,-10
6310422_stationsomradet_sodra,2004,-8
6310422_stationsomradet_sodra,2005,-24
6310422_stationsomradet_sodra,2006,-35
6310422_stationsomradet_sodra,2007,-46
6310422_stationsomradet_sodra,2008,-57
6310422_stationsomradet_sodra,2009,-66
6310422_stationsomradet_sodra,2010,-68
6310422_stationsomradet_sodra,2011,-81
6310422_stationsomradet_sodra,2012,-84
6310422_stationsomradet_sodra,2013,-84
6310422_stationsomradet_sodra,2014,-74
6320510_vastra_grusasen,2000,6
6320510_vastra_grusasen,2001,5
6320510_vastra_grusasen,2002,5
6320510_vastra_grusasen,2003,13
6320510_vastra_grusasen,2004,14
6320510_vastra_grusasen,2005,0
6320510_vastra_grusasen,2006,-13
6320510_vastra_grusasen,2007,-21
6320510_vastra_grusasen,2008,-34
6320510_vastra_grusasen,2009,-44
6320510_vastra_grusasen,2010,-42
6320510_vastra_grusasen,2011,-48
6320510_vastra_grusasen,2012,-48
6320510_vastra_grusasen,2013,-55
6320510_vastra_grusasen,2014,-51
6320520_ostra_grusasen,2000,-6
6320520_ostra_grusasen,2001,-5
6320520_ostra_grusasen,2002,-6
6320520_ostra_grusasen,2003,-8
6320520_ostra_grusasen,2004,-24
6320520_ostra_grusasen,2005,-35
6320520_ostra_grusasen,2006,-36
6320520_ostra_grusasen,2007,-57
6320520_ostra_grusasen,2008,-68
6320520_ostra_grusasen,2009,-74
6320520_ostra_grusasen,2010,-66
6320520_ostra_grusasen,2011,-76
6320520_ostra_grusasen,2012,-89
6320520_ostra_grusasen,2013,-101
6320520_ostra_grusasen,2014,-116
6320541_sodra_brunnsang,2000,-2
6320541_sodra_brunnsang,2001,-9
6320541_sodra_brunnsang,2002,-4
6320541_sodra_brunnsang,2003,-19
6320541_sodra_brunnsang,2004,-16
6320541_sodra_brunnsang,2005,-32
6320541_sodra_brunnsang,2006,-24
6320541_sodra_brunnsang,2007,-2
6320541_sodra_brunnsang,2008,-20
6320541_sodra_brunnsang,2009,-21
6320541_sodra_brunnsang,2010,-40
6320541_sodra_brunnsang,2011,-38
6320541_sodra_brunnsang,2012,-43
6320541_sodra_brunnsang,2013,-51
6320541_sodra_brunnsang,2014,-58
6320542_norra_brunnsang,2000,-8
6320542_norra_brunnsang,2001,0
6320542_norra_brunnsang,2002,-4
6320542_norra_brunnsang,2003,-7
6320542_norra_brunnsang,2004,-3
6320542_norra_brunnsang,2005,0
6320542_norra_brunnsang,2006,10
6320542_norra_brunnsang,2007,6
6320542_norra_brunnsang,2008,17
6320542_norra_brunnsang,2009,17
6320542_norra_brunnsang,2010,6
6320542_norra_brunnsang,2011,17
6320542_norra_brunnsang,2012,20
6320542_norra_brunnsang,2013,11
6320542_norra_brunnsang,2014,-4
6320550_ragnhildsborg,2000,-3
6320550_ragnhildsborg,2001,14
6320550_ragnhildsborg,2002,36
6320550_ragnhildsborg,2003,53
6320550_ragnhildsborg,2004,63
6320550_ragnhildsborg,2005,66
6320550_ragnhildsborg,2006,65
6320550_ragnhildsborg,2007,64
6320550_ragnhildsborg,2008,73
6320550_ragnhildsborg,2009,76
6320550_ragnhildsborg,2010,72
6320550_ragnhildsborg,2011,70
6320550_ragnhildsborg,2012,68
6320550_ragnhildsborg,2013,67
6320550_ragnhildsborg,2014,88
6320611_kusens_backe,2000,6
6320611_kusens_backe,2001,5
6320611_kusens_backe,2002,31
6320611_kusens_backe,2003,60
6320611_kusens_backe,2004,52
6320611_kusens_backe,2005,53
6320611_kusens_backe,2006,46
6320611_kusens_backe,2007,48
6320611_kusens_backe,2008,44
6320611_kusens_backe,2009,44
6320611_kusens_backe,2010,34
6320611_kusens_backe,2011,25
6320611_kusens_backe,2012,20
6320611_kusens_backe,2013,18
6320611_kusens_backe,2014,15
6320612_sjukhuset,2000,5
6320612_sjukhuset,2001,12
6320612_sjukhuset,2002,5
6320612_sjukhuset,2003,-3
6320612_sjukhuset,2004,-7
6320612_sjukhuset,2005,-10
6320612_sjukhuset,2006,-16
6320612_sjukhuset,2007,-24
6320612_sjukhuset,2008,-21
6320612_sjukhuset,2009,-27
6320612_sjukhuset,2010,-28
6320612_sjukhuset,2011,-23
6320612_sjukhuset,2012,-24
6320612_sjukhuset,2013,-28
6320612_sjukhuset,2014,-37
6320621_ostra_rosenlund,2000,13
6320621_ostra_rosenlund,2001,32
6320621_ostra_rosenlund,2002,39
6320621_ostra_rosenlund,2003,43
6320621_ostra_rosenlund,2004,38
6320621_ostra_rosenlund,2005,20
6320621_ostra_rosenlund,2006,11
6320621_ostra_rosenlund,2007,-16
6320621_ostra_rosenlund,2008,-21
6320621_ostra_rosenlund,2009,-31
6320621_ostra_rosenlund,2010,-52
6320621_ostra_rosenlund,2011,-58
6320621_ostra_rosenlund,2012,-46
6320621_ostra_rosenlund,2013,-55
6320621_ostra_rosenlund,2014,-51
6320622_rosenborg,2000,6
6320622_rosenborg,2001,3
6320622_rosenborg,2002,0
6320622_rosenborg,2003,-3
6320622_rosenborg,2004,0
6320622_rosenborg,2005,0
6320622_rosenborg,2006,0
6320622_rosenborg,2007,0
6320622_rosenborg,2008,0
6320622_rosenborg,2009,0
6320622_rosenborg,2010,0
6320622_rosenborg,2011,3
6320622_rosenborg,2012,3
6320622_rosenborg,2013,3
6320622_rosenborg,2014,3
6320940_viksberg,2000,1
6320940_viksberg,2001,-1
6320940_viksberg,2002,8
6320940_viksberg,2003,3
6320940_viksberg,2004,19
6320940_viksberg,2005,20
6320940_viksberg,2006,38
6320940_viksberg,2007,44
6320940_viksberg,2008,59
6320940_viksberg,2009,58
6320940_viksberg,2010,65
6320940_viksberg,2011,71
6320940_viksberg,2012,80
6320940_viksberg,2013,88
6320940_viksberg,2014,89
6321710_igelsta,2000,0
6321710_igelsta,2001,3
6321710_igelsta,2002,9
6321710_igelsta,2003,12
6321710_igelsta,2004,12
6321710_igelsta,2005,12
6321710_igelsta,2006,19
6321710_igelsta,2007,44
6321710_igelsta,2008,45
6321710_igelsta,2009,48
6321710_igelsta,2010,42
6321710_igelsta,2011,41
6321710_igelsta,2012,47
6321710_igelsta,2013,50
6321710_igelsta,2014,43
6321720_ostertalje,2000,4
6321720_ostertalje,2001,7
6321720_ostertalje,2002,10
6321720_ostertalje,2003,13
6321720_ostertalje,2004,11
6321720_ostertalje,2005,21
6321720_ostertalje,2006,40
6321720_ostertalje,2007,49
6321720_ostertalje,2008,69
6321720_ostertalje,2009,78
6321720_ostertalje,2010,64
6321720_ostertalje,2011,65
6321720_ostertalje,2012,71
6321720_ostertalje,2013,83
6321720_ostertalje,2014,86
6321740_fornhojden,2000,0
6321740_fornhojden,2001,-12
6321740_fornhojden,2002,0
6321740_fornhojden,2003,-23
6321740_fornhojden,2004,-39
6321740_fornhojden,2005,-59
6321740_fornhojden,2006,-66
6321740_fornhojden,2007,-80
6321740_fornhojden,2008,-83
6321740_fornhojden,2009,-94
6321740_fornhojden,2010,-96
6321740_fornhojden,2011,-114
6321740_fornhojden,2012,-126
6321740_fornhojden,2013,-137
6321740_fornhojden,2014,-146
6330210_karlhov,2000,16
6330210_karlhov,2001,17
6330210_karlhov,2002,17
6330210_karlhov,2003,7
6330210_karlhov,2004,5
6330210_karlhov,2005,-3
6330210_karlhov,2006,-12
6330210_karlhov,2007,-2
6330210_karlhov,2008,-7
6330210_karlhov,2009,-14
6330210_karlhov,2010,-2
6330210_karlhov,2011,-10
6330210_karlhov,2012,-14
6330210_karlhov,2013,-20
6330210_karlhov,2014,-20
6330220_sodra_ronna,2000,-3
6330220_sodra_ronna,2001,-17
6330220_sodra_ronna,2002,-45
6330220_sodra_ronna,2003,-56
6330220_sodra_ronna,2004,-85
6330220_sodra_ronna,2005,-88
6330220_sodra_ronna,2006,-104
6330220_sodra_ronna,2007,-106
6330220_sodra_ronna,2008,-111
6330220_sodra_ronna,2009,-119
6330220_sodra_ronna,2010,-131
6330220_sodra_ronna,2011,-136
6330220_sodra_ronna,2012,-133
6330220_sodra_ronna,2013,-138
6330220_sodra_ronna,2014,-159
6330230_norra_ronna,2000,6
6330230_norra_ronna,2001,6
6330230_norra_ronna,2002,-3
6330230_norra_ronna,2003,-12
6330230_norra_ronna,2004,-17
6330230_norra_ronna,2005,-25
6330230_norra_ronna,2006,-54
6330230_norra_ronna,2007,-52
6330230_norra_ronna,2008,-87
6330230_norra_ronna,2009,-123
6330230_norra_ronna,2010,-151
6330230_norra_ronna,2011,-177
6330230_norra_ronna,2012,-201
6330230_norra_ronna,2013,-233
6330230_norra_ronna,2014,-258
6330240_vastra_ronna,2000,0
6330240_vastra_ronna,2001,0
6330240_vastra_ronna,2002,0
6330240_vastra_ronna,2003,0
6330240_vastra_ronna,2004,0
6330240_vastra_ronna,2005,3
6330240_vastra_ronna,2006,6
6330240_vastra_ronna,2007,3
6330240_vastra_ronna,2008,0
6330240_vastra_ronna,2009,-3
6330240_vastra_ronna,2010,-4
6330240_vastra_ronna,2011,-4
6330240_vastra_ronna,2012,-4
6330240_vastra_ronna,2013,-4
6330240_vastra_ronna,2014,3
6330250_lina_hage,2000,8
6330250_lina_hage,2001,9
6330250_lina_hage,2002,21
6330250_lina_hage,2003,27
6330250_lina_hage,2004,28
6330250_lina_hage,2005,26
6330250_lina_hage,2006,35
6330250_lina_hage,2007,47
6330250_lina_hage,2008,43
6330250_lina_hage,2009,41
6330250_lina_hage,2010,41
6330250_lina_hage,2011,48
6330250_lina_hage,2012,56
6330250_lina_hage,2013,43
6330250_lina_hage,2014,38
6330260_lina,2000,3
6330260_lina,2001,0
6330260_lina,2002,6
6330260_lina,2003,9
6330260_lina,2004,15
6330260_lina,2005,15
6330260_lina,2006,12
6330260_lina,2007,12
6330260_lina,2008,12
6330260_lina,2009,9
6330260_lina,2010,8
6330260_lina,2011,8
6330260_lina,2012,8
6330260_lina,2013,1
6330260_lina,2014,7
6330380_norra_geneta,2000,7
6330380_norra_geneta,2001,15
6330380_norra_geneta,2002,16
6330380_norra_geneta,2003,3
6330380_norra_geneta,2004,1
6330380_norra_geneta,2005,12
6330380_norra_geneta,2006,-27
6330380_norra_geneta,2007,-55
6330380_norra_geneta,2008,-52
6330380_norra_geneta,2009,-71
6330380_norra_geneta,2010,-85
6330380_norra_geneta,2011,-94
6330380_norra_geneta,2012,-113
6330380_norra_geneta,2013,-139
6330380_norra_geneta,2014,-173
6330391_vastra_geneta,2000,0
6330391_vastra_geneta,2001,3
6330391_vastra_geneta,2002,3
6330391_vastra_geneta,2003,3
6330391_vastra_geneta,2004,0
6330391_vastra_geneta,2005,0
6330391_vastra_geneta,2006,6
6330391_vastra_geneta,2007,5
6330391_vastra_geneta,2008,3
6330391_vastra_geneta,2009,3
6330391_vastra_geneta,2010,-2
6330391_vastra_geneta,2011,1
6330391_vastra_geneta,2012,4
6330391_vastra_geneta,2013,1
6330391_vastra_geneta,2014,4
6330392_ostra_geneta,2000,-3
6330392_ostra_geneta,2001,-3
6330392_ostra_geneta,2002,-6
6330392_ostra_geneta,2003,-13
6330392_ostra_geneta,2004,-18
6330392_ostra_geneta,2005,-13
6330392_ostra_geneta,2006,-9
6330392_ostra_geneta,2007,-10
6330392_ostra_geneta,2008,-12
6330392_ostra_geneta,2009,-11
6330392_ostra_geneta,2010,-7
6330392_ostra_geneta,2011,-7
6330392_ostra_geneta,2012,-11
6330392_ostra_geneta,2013,-2
6330392_ostra_geneta,2014,-6
6341410_pershagen,2000,-8
6341410_pershagen,2001,5
6341410_pershagen,2002,0
6341410_pershagen,2003,-8
6341410_pershagen,2004,15
6341410_pershagen,2005,23
6341410_pershagen,2006,32
6341410_pershagen,2007,27
6341410_pershagen,2008,32
6341410_pershagen,2009,40
6341410_pershagen,2010,48
6341410_pershagen,2011,47
6341410_pershagen,2012,66
6341410_pershagen,2013,70
6341410_pershagen,2014,72
6341430_tveta_glesbygd,2000,3
6341430_tveta_glesbygd,2001,9
6341430_tveta_glesbygd,2002,9
6341430_tveta_glesbygd,2003,12
6341430_tveta_glesbygd,2004,12
6341430_tveta_glesbygd,2005,12
6341430_tveta_glesbygd,2006,17
6341430_tveta_glesbygd,2007,17
6341430_tveta_glesbygd,2008,18
6341430_tveta_glesbygd,2009,25
6341430_tveta_glesbygd,2010,32
6341430_tveta_glesbygd,2011,26
6341430_tveta_glesbygd,2012,18
6341430_tveta_glesbygd,2013,24
6341430_tveta_glesbygd,2014,24
6341451_hovsjo,2000,13
6341451_hovsjo,2001,4
6341451_hovsjo,2002,-2
6341451_hovsjo,2003,-7
6341451_hovsjo,2004,-15
6341451_hovsjo,2005,-20
6341451_hovsjo,2006,-37
6341451_hovsjo,2007,-50
6341451_hovsjo,2008,-77
6341451_hovsjo,2009,-101
6341451_hovsjo,2010,-122
6341451_hovsjo,2011,-126
6341451_hovsjo,2012,-136
6341451_hovsjo,2013,-140
6341451_hovsjo,2014,-160
6351200_enhorna_glesbygd,2000,6
6351200_enhorna_glesbygd,2001,9
6351200_enhorna_glesbygd,2002,13
6351200_enhorna_glesbygd,2003,28
6351200_enhorna_glesbygd,2004,31
6351200_enhorna_glesbygd,2005,42
6351200_enhorna_glesbygd,2006,43
6351200_enhorna_glesbygd,2007,47
6351200_enhorna_glesbygd,2008,55
6351200_enhorna_glesbygd,2009,48
6351200_enhorna_glesbygd,2010,46
6351200_enhorna_glesbygd,2011,46
6351200_enhorna_glesbygd,2012,44
6351200_enhorna_glesbygd,2013,49
6351200_enhorna_glesbygd,2014,52
6351210_ekeby,2000,6
6351210_ekeby,2001,5
6351210_ekeby,2002,5
6351210_ekeby,2003,-1
6351210_ekeby,2004,11
6351210_ekeby,2005,9
6351210_ekeby,2006,14
6351210_ekeby,2007,20
6351210_ekeby,2008,22
6351210_ekeby,2009,14
6351210_ekeby,2010,14
6351210_ekeby,2011,15
6351210_ekeby,2012,17
6351210_ekeby,2013,13
6351210_ekeby,2014,16
6381100_molnbo,2000,1
6381100_molnbo,2001,6
6381100_molnbo,2002,15
6381100_molnbo,2003,11
6381100_molnbo,2004,20
6381100_molnbo,2005,27
6381100_molnbo,2006,28
6381100_molnbo,2007,39
6381100_molnbo,2008,47
6381100_molnbo,2009,41
6381100_molnbo,2010,41
6381100_molnbo,2011,49
6381100_molnbo,2012,50
6381100_molnbo,2013,51
6381100_molnbo,2014,48
6381500_vardinge_glesbygd,2000,0
6381500_vardinge_glesbygd,2001,5
6381500_vardinge_glesbygd,2002,1
6381500_vardinge_glesbygd,2003,3
6381500_vardinge_glesbygd,2004,6
6381500_vardinge_glesbygd,2005,10
6381500_vardinge_glesbygd,2006,8
6381500_vardinge_glesbygd,2007,10
6381500_vardinge_glesbygd,2008,7
6381500_vardinge_glesbygd,2009,10
6381500_vardinge_glesbygd,2010,14
6381500_vardinge_glesbygd,2011,19
6381500_vardinge_glesbygd,2012,18
6381500_vardinge_glesbygd,2013,23
6381500_vardinge_glesbygd,2014,26
6382100_jarna,2000,2
6382100_jarna,2001,16
6382100_jarna,2002,15
6382100_jarna,2003,17
6382100_jarna,2004,3
6382100_jarna,2005,3
6382100_jarna,2006,-2
6382100_jarna,2007,0
6382100_jarna,2008,-12
6382100_jarna,2009,-13
6382100_jarna,2010,-16
6382100_jarna,2011,-11
6382100_jarna,2012,-6
6382100_jarna,2013,10
6382100_jarna,2014,10
6382500_overjarna_glesbygd,2000,6
6382500_overjarna_glesbygd,2001,24
6382500_overjarna_glesbygd,2002,46
6382500_overjarna_glesbygd,2003,70
6382500_overjarna_glesbygd,2004,103
6382500_overjarna_glesbygd,2005,137
6382500_overjarna_glesbygd,2006,149
6382500_overjarna_glesbygd,2007,159
6382500_overjarna_glesbygd,2008,174
6382500_overjarna_glesbygd,2009,182
6382500_overjarna_glesbygd,2010,172
6382500_overjarna_glesbygd,2011,182
6382500_overjarna_glesbygd,2012,180
6382500_overjarna_glesbygd,2013,188
6382500_overjarna_glesbygd,2014,201
6383000_ytterjarna_forsamling,2000,-13
6383000_ytterjarna_forsamling,2001,-24
6383000_ytterjarna_forsamling,2002,-21
6383000_ytterjarna_forsamling,2003,-34
6383000_ytterjarna_forsamling,2004,-44
6383000_ytterjarna_forsamling,2005,-52
6383000_ytterjarna_forsamling,2006,-66
6383000_ytterjarna_forsamling,2007,-70
6383000_ytterjarna_forsamling,2008,-51
6383000_ytterjarna_forsamling,2009,-36
6383000_ytterjarna_forsamling,2010,-40
6383000_ytterjarna_forsamling,2011,-26
6383000_ytterjarna_forsamling,2012,-29
6383000_ytterjarna_forsamling,2013,-25
6383000_ytterjarna_forsamling,2014,-20
6391100_holo,2000,0
6391100_holo,2001,4
6391100_holo,2002,4
6391100_holo,2003,6
6391100_holo,2004,7
6391100_holo,2005,7
6391100_holo,2006,4
6391100_holo,2007,11
6391100_holo,2008,8
6391100_holo,2009,14
6391100_holo,2010,16
6391100_holo,2011,17
6391100_holo,2012,15
6391100_holo,2013,14
6391100_holo,2014,16
6391500_holo_glesbygd,2000,-3
6391500_holo_glesbygd,2001,3
6391500_holo_glesbygd,2002,1
6391500_holo_glesbygd,2003,17
6391500_holo_glesbygd,2004,22
6391500_holo_glesbygd,2005,31
6391500_holo_glesbygd,2006,36
6391500_holo_glesbygd,2007,42
6391500_holo_glesbygd,2008,49
6391500_holo_glesbygd,2009,46
6391500_holo_glesbygd,2010,59
6391500_holo_glesbygd,2011,59
6391500_holo_glesbygd,2012,74
6391500_holo_glesbygd,2013,75
6391500_holo_glesbygd,2014,71
6392000_morko_forsamling,2000,-3
6392000_morko_forsamling,2001,-6
6392000_morko_forsamling,2002,-6
6392000_morko_forsamling,2003,-2
6392000_morko_forsamling,2004,-1
6392000_morko_forsamling,2005,-4
6392000_morko_forsamling,2006,-2
6392000_morko_forsamling,2007,6
6392000_morko_forsamling,2008,3
6392000_morko_forsamling,2009,5
6392000_morko_forsamling,2010,3
6392000_morko_forsamling,2011,-10
6392000_morko_forsamling,2012,-7
6392000_morko_forsamling,2013,0
6392000_morko_forsamling,2014,-2
5411010_henriksdal,2000,11
5411010_henriksdal,2001,16
5411010_henriksdal,2002,17
5411010_henriksdal,2003,12
5411010_henriksdal,2004,7
5411010_henriksdal,2005,5
5411010_henriksdal,2006,12
5411010_henriksdal,2007,-2
5411010_henriksdal,2008,-12
5411010_henriksdal,2009,-24
5411010_henriksdal,2010,-20
5411010_henriksdal,2011,2
5411010_henriksdal,2012,-12
5411010_henriksdal,2013,-8
5411010_henriksdal,2014,-1
5411020_finnberget,2000,0
5411020_finnberget,2001,8
5411020_finnberget,2002,-1
5411020_finnberget,2003,6
5411020_finnberget,2004,34
5411020_finnberget,2005,53
5411020_finnberget,2006,54
5411020_finnberget,2007,69
5411020_finnberget,2008,74
5411020_finnberget,2009,71
5411020_finnberget,2010,78
5411020_finnberget,2011,72
5411020_finnberget,2012,69
5411020_finnberget,2013,65
5411020_finnberget,2014,66
5411030_kvarnholmen,2000,-3
5411030_kvarnholmen,2001,-6
5411030_kvarnholmen,2002,-3
5411030_kvarnholmen,2003,-5
5411030_kvarnholmen,2004,-5
5411030_kvarnholmen,2005,5
5411030_kvarnholmen,2006,4
5411030_kvarnholmen,2007,-1
5411030_kvarnholmen,2008,-1
5411030_kvarnholmen,2009,1
5411030_kvarnholmen,2010,4
5411030_kvarnholmen,2011,5
5411030_kvarnholmen,2012,37
5411030_kvarnholmen,2013,62
5411030_kvarnholmen,2014,170
5411040_danviken,2000,33
5411040_danviken,2001,94
5411040_danviken,2002,97
5411040_danviken,2003,108
5411040_danviken,2004,175
5411040_danviken,2005,234
5411040_danviken,2006,315
5411040_danviken,2007,443
5411040_danviken,2008,521
5411040_danviken,2009,611
5411040_danviken,2010,648
5411040_danviken,2011,657
5411040_danviken,2012,661
5411040_danviken,2013,687
5411040_danviken,2014,756
5411100_alphyddan,2000,16
5411100_alphyddan,2001,21
5411100_alphyddan,2002,33
5411100_alphyddan,2003,46
5411100_alphyddan,2004,30
5411100_alphyddan,2005,23
5411100_alphyddan,2006,16
5411100_alphyddan,2007,4
5411100_alphyddan,2008,4
5411100_alphyddan,2009,4
5411100_alphyddan,2010,-4
5411100_alphyddan,2011,-14
5411100_alphyddan,2012,-30
5411100_alphyddan,2013,-38
5411100_alphyddan,2014,-29
5411110_finntorp,2000,24
5411110_finntorp,2001,30
5411110_finntorp,2002,21
5411110_finntorp,2003,36
5411110_finntorp,2004,34
5411110_finntorp,2005,31
5411110_finntorp,2006,91
5411110_finntorp,2007,75
5411110_finntorp,2008,38
5411110_finntorp,2009,50
5411110_finntorp,2010,81
5411110_finntorp,2011,124
5411110_finntorp,2012,128
5411110_finntorp,2013,130
5411110_finntorp,2014,128
5411130_ekudden,2000,6
5411130_ekudden,2001,8
5411130_ekudden,2002,-1
5411130_ekudden,2003,2
5411130_ekudden,2004,4
5411130_ekudden,2005,-6
5411130_ekudden,2006,8
5411130_ekudden,2007,-2
5411130_ekudden,2008,-10
5411130_ekudden,2009,-4
5411130_ekudden,2010,8
5411130_ekudden,2011,79
5411130_ekudden,2012,89
5411130_ekudden,2013,110
5411130_ekudden,2014,95
5411140_jarla_industriomr,2000,0
5411140_jarla_industriomr,2001,23
5411140_jarla_industriomr,2002,131
5411140_jarla_industriomr,2003,166
5411140_jarla_industriomr,2004,247
5411140_jarla_industriomr,2005,303
5411140_jarla_industriomr,2006,336
5411140_jarla_industriomr,2007,404
5411140_jarla_industriomr,2008,417
5411140_jarla_industriomr,2009,412
5411140_jarla_industriomr,2010,425
5411140_jarla_industriomr,2011,415
5411140_jarla_industriomr,2012,415
5411140_jarla_industriomr,2013,455
5411140_jarla_industriomr,2014,459
5411200_sickla_industriomr,2000,-3
5411200_sickla_industriomr,2001,15
5411200_sickla_industriomr,2002,79
5411200_sickla_industriomr,2003,133
5411200_sickla_industriomr,2004,198
5411200_sickla_industriomr,2005,233
5411200_sickla_industriomr,2006,311
5411200_sickla_industriomr,2007,379
5411200_sickla_industriomr,2008,366
5411200_sickla_industriomr,2009,340
5411200_sickla_industriomr,2010,299
5411200_sickla_industriomr,2011,266
5411200_sickla_industriomr,2012,226
5411200_sickla_industriomr,2013,193
5411200_sickla_industriomr,2014,124
5411210_tallbacken,2000,17
5411210_tallbacken,2001,28
5411210_tallbacken,2002,40
5411210_tallbacken,2003,36
5411210_tallbacken,2004,35
5411210_tallbacken,2005,29
5411210_tallbacken,2006,34
5411210_tallbacken,2007,45
5411210_tallbacken,2008,47
5411210_tallbacken,2009,146
5411210_tallbacken,2010,146
5411210_tallbacken,2011,128
5411210_tallbacken,2012,125
5411210_tallbacken,2013,131
5411210_tallbacken,2014,129
5411220_nysatra,2000,4
5411220_nysatra,2001,13
5411220_nysatra,2002,19
5411220_nysatra,2003,21
5411220_nysatra,2004,30
5411220_nysatra,2005,42
5411220_nysatra,2006,48
5411220_nysatra,2007,45
5411220_nysatra,2008,42
5411220_nysatra,2009,48
5411220_nysatra,2010,54
5411220_nysatra,2011,58
5411220_nysatra,2012,55
5411220_nysatra,2013,57
5411220_nysatra,2014,54
5411320_jarlaberg,2000,28
5411320_jarlaberg,2001,23
5411320_jarlaberg,2002,1
5411320_jarlaberg,2003,-1
5411320_jarlaberg,2004,-8
5411320_jarlaberg,2005,2
5411320_jarlaberg,2006,-5
5411320_jarlaberg,2007,-36
5411320_jarlaberg,2008,-28
5411320_jarlaberg,2009,-27
5411320_jarlaberg,2010,-20
5411320_jarlaberg,2011,-14
5411320_jarlaberg,2012,-23
5411320_jarlaberg,2013,-14
5411320_jarlaberg,2014,-12
5411330_vikdalen,2000,3
5411330_vikdalen,2001,0
5411330_vikdalen,2002,0
5411330_vikdalen,2003,5
5411330_vikdalen,2004,14
5411330_vikdalen,2005,14
5411330_vikdalen,2006,15
5411330_vikdalen,2007,14
5411330_vikdalen,2008,12
5411330_vikdalen,2009,21
5411330_vikdalen,2010,19
5411330_vikdalen,2011,18
5411330_vikdalen,2012,18
5411330_vikdalen,2013,18
5411330_vikdalen,2014,15
5411340_nacka_strand,2000,41
5411340_nacka_strand,2001,40
5411340_nacka_strand,2002,35
5411340_nacka_strand,2003,25
5411340_nacka_strand,2004,32
5411340_nacka_strand,2005,28
5411340_nacka_strand,2006,36
5411340_nacka_strand,2007,44
5411340_nacka_strand,2008,39
5411340_nacka_strand,2009,26
5411340_nacka_strand,2010,40
5411340_nacka_strand,2011,31
5411340_nacka_strand,2012,22
5411340_nacka_strand,2013,15
5411340_nacka_strand,2014,11
5411410_nacka_centrum,2000,0
5411410_nacka_centrum,2001,-1
5411410_nacka_centrum,2002,-3
5411410_nacka_centrum,2003,-5
5411410_nacka_centrum,2004,-24
5411410_nacka_centrum,2005,-31
5411410_nacka_centrum,2006,-41
5411410_nacka_centrum,2007,-43
5411410_nacka_centrum,2008,-14
5411410_nacka_centrum,2009,24
5411410_nacka_centrum,2010,48
5411410_nacka_centrum,2011,54
5411410_nacka_centrum,2012,47
5411410_nacka_centrum,2013,37
5411410_nacka_centrum,2014,60
5411500_storangen,2000,3
5411500_storangen,2001,1
5411500_storangen,2002,17
5411500_storangen,2003,26
5411500_storangen,2004,29
5411500_storangen,2005,55
5411500_storangen,2006,60
5411500_storangen,2007,76
5411500_storangen,2008,92
5411500_storangen,2009,111
5411500_storangen,2010,116
5411500_storangen,2011,132
5411500_storangen,2012,136
5411500_storangen,2013,142
5411500_storangen,2014,132
5411600_duvnas_utskog,2000,15
5411600_duvnas_utskog,2001,11
5411600_duvnas_utskog,2002,11
5411600_duvnas_utskog,2003,4
5411600_duvnas_utskog,2004,7
5411600_duvnas_utskog,2005,13
5411600_duvnas_utskog,2006,23
5411600_duvnas_utskog,2007,24
5411600_duvnas_utskog,2008,38
5411600_duvnas_utskog,2009,43
5411600_duvnas_utskog,2010,47
5411600_duvnas_utskog,2011,73
5411600_duvnas_utskog,2012,82
5411600_duvnas_utskog,2013,98
5411600_duvnas_utskog,2014,95
5411610_skuru,2000,16
5411610_skuru,2001,18
5411610_skuru,2002,32
5411610_skuru,2003,33
5411610_skuru,2004,31
5411610_skuru,2005,38
5411610_skuru,2006,39
5411610_skuru,2007,55
5411610_skuru,2008,84
5411610_skuru,2009,101
5411610_skuru,2010,118
5411610_skuru,2011,113
5411610_skuru,2012,129
5411610_skuru,2013,131
5411610_skuru,2014,169
5411700_skogalund,2000,6
5411700_skogalund,2001,15
5411700_skogalund,2002,22
5411700_skogalund,2003,28
5411700_skogalund,2004,36
5411700_skogalund,2005,38
5411700_skogalund,2006,43
5411700_skogalund,2007,38
5411700_skogalund,2008,34
5411700_skogalund,2009,40
5411700_skogalund,2010,44
5411700_skogalund,2011,43
5411700_skogalund,2012,45
5411700_skogalund,2013,41
5411700_skogalund,2014,40
5411710_vastra_ektorp,2000,-14
5411710_vastra_ektorp,2001,-21
5411710_vastra_ektorp,2002,-39
5411710_vastra_ektorp,2003,-52
5411710_vastra_ektorp,2004,-61
5411710_vastra_ektorp,2005,-86
5411710_vastra_ektorp,2006,-93
5411710_vastra_ektorp,2007,-104
5411710_vastra_ektorp,2008,-109
5411710_vastra_ektorp,2009,-92
5411710_vastra_ektorp,2010,-94
5411710_vastra_ektorp,2011,-105
5411710_vastra_ektorp,2012,-129
5411710_vastra_ektorp,2013,-141
5411710_vastra_ektorp,2014,-161
5411720_ostra_ektorp,2000,-3
5411720_ostra_ektorp,2001,-1
5411720_ostra_ektorp,2002,-10
5411720_ostra_ektorp,2003,-14
5411720_ostra_ektorp,2004,-14
5411720_ostra_ektorp,2005,-22
5411720_ostra_ektorp,2006,-26
5411720_ostra_ektorp,2007,-26
5411720_ostra_ektorp,2008,-25
5411720_ostra_ektorp,2009,-21
5411720_ostra_ektorp,2010,-11
5411720_ostra_ektorp,2011,-10
5411720_ostra_ektorp,2012,2
5411720_ostra_ektorp,2013,1
5411720_ostra_ektorp,2014,3
5411740_saltangen,2000,15
5411740_saltangen,2001,-1
5411740_saltangen,2002,4
5411740_saltangen,2003,0
5411740_saltangen,2004,-3
5411740_saltangen,2005,-18
5411740_saltangen,2006,-30
5411740_saltangen,2007,-40
5411740_saltangen,2008,-43
5411740_saltangen,2009,-51
5411740_saltangen,2010,-56
5411740_saltangen,2011,-70
5411740_saltangen,2012,-70
5411740_saltangen,2013,-64
5411740_saltangen,2014,-67
5411800_duvnas,2000,-15
5411800_duvnas,2001,-15
5411800_duvnas,2002,4
5411800_duvnas,2003,13
5411800_duvnas,2004,7
5411800_duvnas,2005,22
5411800_duvnas,2006,29
5411800_duvnas,2007,50
5411800_duvnas,2008,58
5411800_duvnas,2009,75
5411800_duvnas,2010,76
5411800_duvnas,2011,77
5411800_duvnas,2012,85
5411800_duvnas,2013,99
5411800_duvnas,2014,118
5411900_hasthagen,2000,3
5411900_hasthagen,2001,3
5411900_hasthagen,2002,5
5411900_hasthagen,2003,11
5411900_hasthagen,2004,22
5411900_hasthagen,2005,29
5411900_hasthagen,2006,35
5411900_hasthagen,2007,33
5411900_hasthagen,2008,37
5411900_hasthagen,2009,40
5411900_hasthagen,2010,38
5411900_hasthagen,2011,39
5411900_hasthagen,2012,44
5411900_hasthagen,2013,49
5411900_hasthagen,2014,59
5413001_fisksatra_sm,2000,-4
5413001_fisksatra_sm,2001,-16
5413001_fisksatra_sm,2002,-16
5413001_fisksatra_sm,2003,-17
5413001_fisksatra_sm,2004,-12
5413001_fisksatra_sm,2005,-10
5413001_fisksatra_sm,2006,-19
5413001_fisksatra_sm,2007,-16
5413001_fisksatra_sm,2008,2
5413001_fisksatra_sm,2009,7
5413001_fisksatra_sm,2010,0
5413001_fisksatra_sm,2011,1
5413001_fisksatra_sm,2012,13
5413001_fisksatra_sm,2013,8
5413001_fisksatra_sm,2014,8
5413002_fisksatra_fh,2000,-20
5413002_fisksatra_fh,2001,-41
5413002_fisksatra_fh,2002,-89
5413002_fisksatra_fh,2003,-118
5413002_fisksatra_fh,2004,-153
5413002_fisksatra_fh,2005,-172
5413002_fisksatra_fh,2006,-198
5413002_fisksatra_fh,2007,-209
5413002_fisksatra_fh,2008,-235
5413002_fisksatra_fh,2009,-259
5413002_fisksatra_fh,2010,-283
5413002_fisksatra_fh,2011,-302
5413002_fisksatra_fh,2012,-317
5413002_fisksatra_fh,2013,-351
5413002_fisksatra_fh,2014,-388
5414001_erstavik,2000,-3
5414001_erstavik,2001,0
5414001_erstavik,2002,8
5414001_erstavik,2003,11
5414001_erstavik,2004,14
5414001_erstavik,2005,20
5414001_erstavik,2006,17
5414001_erstavik,2007,23
5414001_erstavik,2008,23
5414001_erstavik,2009,26
5414001_erstavik,2010,26
5414001_erstavik,2011,26
5414001_erstavik,2012,26
5414001_erstavik,2013,20
5414001_erstavik,2014,20
5414100_kolarangen,2000,9
5414100_kolarangen,2001,21
5414100_kolarangen,2002,21
5414100_kolarangen,2003,13
5414100_kolarangen,2004,27
5414100_kolarangen,2005,34
5414100_kolarangen,2006,55
5414100_kolarangen,2007,71
5414100_kolarangen,2008,88
5414100_kolarangen,2009,92
5414100_kolarangen,2010,105
5414100_kolarangen,2011,121
5414100_kolarangen,2012,126
5414100_kolarangen,2013,134
5414100_kolarangen,2014,138
5414200_alta_gard,2000,14
5414200_alta_gard,2001,28
5414200_alta_gard,2002,41
5414200_alta_gard,2003,45
5414200_alta_gard,2004,62
5414200_alta_gard,2005,90
5414200_alta_gard,2006,93
5414200_alta_gard,2007,93
5414200_alta_gard,2008,99
5414200_alta_gard,2009,131
5414200_alta_gard,2010,145
5414200_alta_gard,2011,159
5414200_alta_gard,2012,173
5414200_alta_gard,2013,176
5414200_alta_gard,2014,187
5414300_stenso,2000,4
5414300_stenso,2001,-4
5414300_stenso,2002,-4
5414300_stenso,2003,-13
5414300_stenso,2004,-19
5414300_stenso,2005,-27
5414300_stenso,2006,-31
5414300_stenso,2007,-38
5414300_stenso,2008,-49
5414300_stenso,2009,-36
5414300_stenso,2010,-33
5414300_stenso,2011,7
5414300_stenso,2012,20
5414300_stenso,2013,35
5414300_stenso,2014,43
5414310_hedvigslund,2000,4
5414310_hedvigslund,2001,18
5414310_hedvigslund,2002,21
5414310_hedvigslund,2003,21
5414310_hedvigslund,2004,34
5414310_hedvigslund,2005,39
5414310_hedvigslund,2006,82
5414310_hedvigslund,2007,107
5414310_hedvigslund,2008,117
5414310_hedvigslund,2009,145
5414310_hedvigslund,2010,193
5414310_hedvigslund,2011,225
5414310_hedvigslund,2012,256
5414310_hedvigslund,2013,312
5414310_hedvigslund,2014,396
5423100_igelboda,2000,37
5423100_igelboda,2001,69
5423100_igelboda,2002,62
5423100_igelboda,2003,87
5423100_igelboda,2004,96
5423100_igelboda,2005,104
5423100_igelboda,2006,121
5423100_igelboda,2007,143
5423100_igelboda,2008,146
5423100_igelboda,2009,169
5423100_igelboda,2010,181
5423100_igelboda,2011,196
5423100_igelboda,2012,204
5423100_igelboda,2013,216
5423100_igelboda,2014,215
5423201_solsidan_norr,2000,3
5423201_solsidan_norr,2001,3
5423201_solsidan_norr,2002,3
5423201_solsidan_norr,2003,3
5423201_solsidan_norr,2004,3
5423201_solsidan_norr,2005,6
5423201_solsidan_norr,2006,9
5423201_solsidan_norr,2007,8
5423201_solsidan_norr,2008,5
5423201_solsidan_norr,2009,13
5423201_solsidan_norr,2010,12
5423201_solsidan_norr,2011,15
5423201_solsidan_norr,2012,12
5423201_solsidan_norr,2013,12
5423201_solsidan_norr,2014,15
5423202_saltsjobaden_centrum,2000,-11
5423202_saltsjobaden_centrum,2001,-17
5423202_saltsjobaden_centrum,2002,-25
5423202_saltsjobaden_centrum,2003,-29
5423202_saltsjobaden_centrum,2004,-33
5423202_saltsjobaden_centrum,2005,-33
5423202_saltsjobaden_centrum,2006,-33
5423202_saltsjobaden_centrum,2007,-36
5423202_saltsjobaden_centrum,2008,-40
5423202_saltsjobaden_centrum,2009,-50
5423202_saltsjobaden_centrum,2010,-48
5423202_saltsjobaden_centrum,2011,-52
5423202_saltsjobaden_centrum,2012,-52
5423202_saltsjobaden_centrum,2013,-50
5423202_saltsjobaden_centrum,2014,-49
5423230_tattby,2000,6
5423230_tattby,2001,9
5423230_tattby,2002,25
5423230_tattby,2003,18
5423230_tattby,2004,26
5423230_tattby,2005,29
5423230_tattby,2006,42
5423230_tattby,2007,53
5423230_tattby,2008,64
5423230_tattby,2009,60
5423230_tattby,2010,68
5423230_tattby,2011,81
5423230_tattby,2012,84
5423230_tattby,2013,95
5423230_tattby,2014,97
5423300_neglingeon,2000,1
5423300_neglingeon,2001,2
5423300_neglingeon,2002,19
5423300_neglingeon,2003,27
5423300_neglingeon,2004,36
5423300_neglingeon,2005,62
5423300_neglingeon,2006,86
5423300_neglingeon,2007,118
5423300_neglingeon,2008,125
5423300_neglingeon,2009,119
5423300_neglingeon,2010,139
5423300_neglingeon,2011,136
5423300_neglingeon,2012,129
5423300_neglingeon,2013,130
5423300_neglingeon,2014,135
5423400_solsidan,2000,-6
5423400_solsidan,2001,8
5423400_solsidan,2002,15
5423400_solsidan,2003,20
5423400_solsidan,2004,13
5423400_solsidan,2005,14
5423400_solsidan,2006,23
5423400_solsidan,2007,44
5423400_solsidan,2008,60
5423400_solsidan,2009,61
5423400_solsidan,2010,77
5423400_solsidan,2011,95
5423400_solsidan,2012,94
5423400_solsidan,2013,100
5423400_solsidan,2014,127
5423500_algo,2000,8
5423500_algo,2001,19
5423500_algo,2002,13
5423500_algo,2003,19
5423500_algo,2004,23
5423500_algo,2005,31
5423500_algo,2006,25
5423500_algo,2007,33
5423500_algo,2008,47
5423500_algo,2009,55
5423500_algo,2010,52
5423500_algo,2011,59
5423500_algo,2012,60
5423500_algo,2013,55
5423500_algo,2014,58
5432000_norra_bjorknas,2000,-2
5432000_norra_bjorknas,2001,4
5432000_norra_bjorknas,2002,7
5432000_norra_bjorknas,2003,8
5432000_norra_bjorknas,2004,16
5432000_norra_bjorknas,2005,29
5432000_norra_bjorknas,2006,41
5432000_norra_bjorknas,2007,62
5432000_norra_bjorknas,2008,68
5432000_norra_bjorknas,2009,83
5432000_norra_bjorknas,2010,85
5432000_norra_bjorknas,2011,92
5432000_norra_bjorknas,2012,96
5432000_norra_bjorknas,2013,109
5432000_norra_bjorknas,2014,107
5432020_sodra_bjorknas,2000,17
5432020_sodra_bjorknas,2001,27
5432020_sodra_bjorknas,2002,40
5432020_sodra_bjorknas,2003,39
5432020_sodra_bjorknas,2004,42
5432020_sodra_bjorknas,2005,61
5432020_sodra_bjorknas,2006,70
5432020_sodra_bjorknas,2007,106
5432020_sodra_bjorknas,2008,107
5432020_sodra_bjorknas,2009,112
5432020_sodra_bjorknas,2010,119
5432020_sodra_bjorknas,2011,131
5432020_sodra_bjorknas,2012,126
5432020_sodra_bjorknas,2013,134
5432020_sodra_bjorknas,2014,139
5432030_klinten,2000,8
5432030_klinten,2001,12
5432030_klinten,2002,8
5432030_klinten,2003,7
5432030_klinten,2004,7
5432030_klinten,2005,1
5432030_klinten,2006,11
5432030_klinten,2007,1
5432030_klinten,2008,6
5432030_klinten,2009,-2
5432030_klinten,2010,-6
5432030_klinten,2011,-14
5432030_klinten,2012,-35
5432030_klinten,2013,-10
5432030_klinten,2014,-4
5432100_eknas,2000,3
5432100_eknas,2001,9
5432100_eknas,2002,7
5432100_eknas,2003,13
5432100_eknas,2004,22
5432100_eknas,2005,51
5432100_eknas,2006,71
5432100_eknas,2007,65
5432100_eknas,2008,78
5432100_eknas,2009,90
5432100_eknas,2010,98
5432100_eknas,2011,97
5432100_eknas,2012,163
5432100_eknas,2013,192
5432100_eknas,2014,247
5432200_vastra_kummelnas,2000,13
5432200_vastra_kummelnas,2001,30
5432200_vastra_kummelnas,2002,39
5432200_vastra_kummelnas,2003,45
5432200_vastra_kummelnas,2004,63
5432200_vastra_kummelnas,2005,69
5432200_vastra_kummelnas,2006,66
5432200_vastra_kummelnas,2007,74
5432200_vastra_kummelnas,2008,80
5432200_vastra_kummelnas,2009,96
5432200_vastra_kummelnas,2010,124
5432200_vastra_kummelnas,2011,134
5432200_vastra_kummelnas,2012,141
5432200_vastra_kummelnas,2013,151
5432200_vastra_kummelnas,2014,170
5432220_ostra_kummelnas,2000,17
5432220_ostra_kummelnas,2001,25
5432220_ostra_kummelnas,2002,38
5432220_ostra_kummelnas,2003,61
5432220_ostra_kummelnas,2004,76
5432220_ostra_kummelnas,2005,82
5432220_ostra_kummelnas,2006,90
5432220_ostra_kummelnas,2007,99
5432220_ostra_kummelnas,2008,115
5432220_ostra_kummelnas,2009,144
5432220_ostra_kummelnas,2010,174
5432220_ostra_kummelnas,2011,192
5432220_ostra_kummelnas,2012,205
5432220_ostra_kummelnas,2013,210
5432220_ostra_kummelnas,2014,229
5432300_kil,2000,13
5432300_kil,2001,22
5432300_kil,2002,40
5432300_kil,2003,45
5432300_kil,2004,56
5432300_kil,2005,69
5432300_kil,2006,69
5432300_kil,2007,74
5432300_kil,2008,77
5432300_kil,2009,83
5432300_kil,2010,84
5432300_kil,2011,88
5432300_kil,2012,87
5432300_kil,2013,81
5432300_kil,2014,89
5432400_krokhojden,2000,1
5432400_krokhojden,2001,-2
5432400_krokhojden,2002,3
5432400_krokhojden,2003,6
5432400_krokhojden,2004,11
5432400_krokhojden,2005,10
5432400_krokhojden,2006,10
5432400_krokhojden,2007,11
5432400_krokhojden,2008,14
5432400_krokhojden,2009,15
5432400_krokhojden,2010,26
5432400_krokhojden,2011,22
5432400_krokhojden,2012,25
5432400_krokhojden,2013,30
5432400_krokhojden,2014,34
5432410_orminge,2000,9
5432410_orminge,2001,9
5432410_orminge,2002,9
5432410_orminge,2003,-19
5432410_orminge,2004,-46
5432410_orminge,2005,-66
5432410_orminge,2006,-69
5432410_orminge,2007,-79
5432410_orminge,2008,-86
5432410_orminge,2009,-91
5432410_orminge,2010,-86
5432410_orminge,2011,-95
5432410_orminge,2012,-116
5432410_orminge,2013,-125
5432410_orminge,2014,-118
5432500_mensattra,2000,19
5432500_mensattra,2001,17
5432500_mensattra,2002,20
5432500_mensattra,2003,21
5432500_mensattra,2004,29
5432500_mensattra,2005,33
5432500_mensattra,2006,40
5432500_mensattra,2007,49
5432500_mensattra,2008,41
5432500_mensattra,2009,51
5432500_mensattra,2010,53
5432500_mensattra,2011,61
5432500_mensattra,2012,74
5432500_mensattra,2013,79
5432500_mensattra,2014,95
5432600_kallvagen,2000,22
5432600_kallvagen,2001,30
5432600_kallvagen,2002,48
5432600_kallvagen,2003,79
5432600_kallvagen,2004,110
5432600_kallvagen,2005,114
5432600_kallvagen,2006,129
5432600_kallvagen,2007,121
5432600_kallvagen,2008,133
5432600_kallvagen,2009,158
5432600_kallvagen,2010,163
5432600_kallvagen,2011,174
5432600_kallvagen,2012,183
5432600_kallvagen,2013,199
5432600_kallvagen,2014,189
5432610_eriksvik,2000,-1
5432610_eriksvik,2001,6
5432610_eriksvik,2002,7
5432610_eriksvik,2003,16
5432610_eriksvik,2004,22
5432610_eriksvik,2005,28
5432610_eriksvik,2006,36
5432610_eriksvik,2007,48
5432610_eriksvik,2008,65
5432610_eriksvik,2009,65
5432610_eriksvik,2010,71
5432610_eriksvik,2011,79
5432610_eriksvik,2012,94
5432610_eriksvik,2013,99
5432610_eriksvik,2014,105
5432700_norra_lannersta,2000,15
5432700_norra_lannersta,2001,15
5432700_norra_lannersta,2002,37
5432700_norra_lannersta,2003,58
5432700_norra_lannersta,2004,65
5432700_norra_lannersta,2005,89
5432700_norra_lannersta,2006,104
5432700_norra_lannersta,2007,106
5432700_norra_lannersta,2008,123
5432700_norra_lannersta,2009,150
5432700_norra_lannersta,2010,170
5432700_norra_lannersta,2011,179
5432700_norra_lannersta,2012,190
5432700_norra_lannersta,2013,206
5432700_norra_lannersta,2014,210
5432710_sodra_lannersta,2000,12
5432710_sodra_lannersta,2001,15
5432710_sodra_lannersta,2002,21
5432710_sodra_lannersta,2003,33
5432710_sodra_lannersta,2004,46
5432710_sodra_lannersta,2005,71
5432710_sodra_lannersta,2006,78
5432710_sodra_lannersta,2007,107
5432710_sodra_lannersta,2008,119
5432710_sodra_lannersta,2009,132
5432710_sodra_lannersta,2010,138
5432710_sodra_lannersta,2011,143
5432710_sodra_lannersta,2012,151
5432710_sodra_lannersta,2013,157
5432710_sodra_lannersta,2014,169
5432810_boo_gard,2000,-1
5432810_boo_gard,2001,3
5432810_boo_gard,2002,10
5432810_boo_gard,2003,34
5432810_boo_gard,2004,49
5432810_boo_gard,2005,74
5432810_boo_gard,2006,108
5432810_boo_gard,2007,126
5432810_boo_gard,2008,150
5432810_boo_gard,2009,157
5432810_boo_gard,2010,175
5432810_boo_gard,2011,194
5432810_boo_gard,2012,200
5432810_boo_gard,2013,220
5432810_boo_gard,2014,232
5432900_gustavsvik,2000,-3
5432900_gustavsvik,2001,1
5432900_gustavsvik,2002,2
5432900_gustavsvik,2003,13
5432900_gustavsvik,2004,19
5432900_gustavsvik,2005,30
5432900_gustavsvik,2006,38
5432900_gustavsvik,2007,36
5432900_gustavsvik,2008,33
5432900_gustavsvik,2009,34
5432900_gustavsvik,2010,33
5432900_gustavsvik,2011,34
5432900_gustavsvik,2012,34
5432900_gustavsvik,2013,34
5432900_gustavsvik,2014,43
3810100_lilla_alby,2000,12
3810100_lilla_alby,2001,-13
3810100_lilla_alby,2002,-27
3810100_lilla_alby,2003,-47
3810100_lilla_alby,2004,-80
3810100_lilla_alby,2005,-76
3810100_lilla_alby,2006,-60
3810100_lilla_alby,2007,-83
3810100_lilla_alby,2008,-91
3810100_lilla_alby,2009,-69
3810100_lilla_alby,2010,-46
3810100_lilla_alby,2011,-43
3810100_lilla_alby,2012,-71
3810100_lilla_alby,2013,-28
3810100_lilla_alby,2014,85
3810110_sundbybergs_industriomrade,2000,30
3810110_sundbybergs_industriomrade,2001,45
3810110_sundbybergs_industriomrade,2002,53
3810110_sundbybergs_industriomrade,2003,68
3810110_sundbybergs_industriomrade,2004,79
3810110_sundbybergs_industriomrade,2005,71
3810110_sundbybergs_industriomrade,2006,70
3810110_sundbybergs_industriomrade,2007,66
3810110_sundbybergs_industriomrade,2008,62
3810110_sundbybergs_industriomrade,2009,57
3810110_sundbybergs_industriomrade,2010,61
3810110_sundbybergs_industriomrade,2011,65
3810110_sundbybergs_industriomrade,2012,70
3810110_sundbybergs_industriomrade,2013,71
3810110_sundbybergs_industriomrade,2014,66
3810220_rasten,2000,9
3810220_rasten,2001,14
3810220_rasten,2002,10
3810220_rasten,2003,10
3810220_rasten,2004,39
3810220_rasten,2005,32
3810220_rasten,2006,11
3810220_rasten,2007,20
3810220_rasten,2008,6
3810220_rasten,2009,-8
3810220_rasten,2010,-25
3810220_rasten,2011,-33
3810220_rasten,2012,3
3810220_rasten,2013,-30
3810220_rasten,2014,-34
3810230_sundbybergs_centrum,2000,39
3810230_sundbybergs_centrum,2001,51
3810230_sundbybergs_centrum,2002,24
3810230_sundbybergs_centrum,2003,-33
3810230_sundbybergs_centrum,2004,-68
3810230_sundbybergs_centrum,2005,-54
3810230_sundbybergs_centrum,2006,-70
3810230_sundbybergs_centrum,2007,-95
3810230_sundbybergs_centrum,2008,-105
3810230_sundbybergs_centrum,2009,-143
3810230_sundbybergs_centrum,2010,-148
3810230_sundbybergs_centrum,2011,-145
3810230_sundbybergs_centrum,2012,-149
3810230_sundbybergs_centrum,2013,-158
3810230_sundbybergs_centrum,2014,-151
3810240_starrbacksgatan,2000,31
3810240_starrbacksgatan,2001,9
3810240_starrbacksgatan,2002,-19
3810240_starrbacksgatan,2003,-27
3810240_starrbacksgatan,2004,-14
3810240_starrbacksgatan,2005,-29
3810240_starrbacksgatan,2006,-4
3810240_starrbacksgatan,2007,-21
3810240_starrbacksgatan,2008,-46
3810240_starrbacksgatan,2009,-45
3810240_starrbacksgatan,2010,-67
3810240_starrbacksgatan,2011,-58
3810240_starrbacksgatan,2012,-17
3810240_starrbacksgatan,2013,-11
3810240_starrbacksgatan,2014,-3
3810300_storskogen,2000,13
3810300_storskogen,2001,9
3810300_storskogen,2002,5
3810300_storskogen,2003,-5
3810300_storskogen,2004,-22
3810300_storskogen,2005,-21
3810300_storskogen,2006,-9
3810300_storskogen,2007,-5
3810300_storskogen,2008,32
3810300_storskogen,2009,17
3810300_storskogen,2010,19
3810300_storskogen,2011,31
3810300_storskogen,2012,17
3810300_storskogen,2013,8
3810300_storskogen,2014,20
3810310_lotsjo,2000,11
3810310_lotsjo,2001,15
3810310_lotsjo,2002,18
3810310_lotsjo,2003,19
3810310_lotsjo,2004,14
3810310_lotsjo,2005,4
3810310_lotsjo,2006,1
3810310_lotsjo,2007,6
3810310_lotsjo,2008,19
3810310_lotsjo,2009,119
3810310_lotsjo,2010,123
3810310_lotsjo,2011,124
3810310_lotsjo,2012,137
3810310_lotsjo,2013,122
3810310_lotsjo,2014,128
3810320_tule,2000,5
3810320_tule,2001,0
3810320_tule,2002,-3
3810320_tule,2003,10
3810320_tule,2004,24
3810320_tule,2005,26
3810320_tule,2006,25
3810320_tule,2007,28
3810320_tule,2008,65
3810320_tule,2009,76
3810320_tule,2010,70
3810320_tule,2011,87
3810320_tule,2012,89
3810320_tule,2013,105
3810320_tule,2014,93
3810400_duvbo,2000,15
3810400_duvbo,2001,22
3810400_duvbo,2002,22
3810400_duvbo,2003,20
3810400_duvbo,2004,26
3810400_duvbo,2005,41
3810400_duvbo,2006,50
3810400_duvbo,2007,75
3810400_duvbo,2008,72
3810400_duvbo,2009,81
3810400_duvbo,2010,94
3810400_duvbo,2011,96
3810400_duvbo,2012,96
3810400_duvbo,2013,99
3810400_duvbo,2014,118
3810410_hasthagen,2000,18
3810410_hasthagen,2001,14
3810410_hasthagen,2002,12
3810410_hasthagen,2003,17
3810410_hasthagen,2004,19
3810410_hasthagen,2005,19
3810410_hasthagen,2006,7
3810410_hasthagen,2007,6
3810410_hasthagen,2008,14
3810410_hasthagen,2009,6
3810410_hasthagen,2010,6
3810410_hasthagen,2011,20
3810410_hasthagen,2012,16
3810410_hasthagen,2013,12
3810410_hasthagen,2014,13
3810500_or,2000,6
3810500_or,2001,10
3810500_or,2002,6
3810500_or,2003,-12
3810500_or,2004,-10
3810500_or,2005,-16
3810500_or,2006,-26
3810500_or,2007,-23
3810500_or,2008,-45
3810500_or,2009,-43
3810500_or,2010,-60
3810500_or,2011,-77
3810500_or,2012,-77
3810500_or,2013,-46
3810500_or,2014,-52
3810610_hallonbergen,2000,-4
3810610_hallonbergen,2001,-21
3810610_hallonbergen,2002,-46
3810610_hallonbergen,2003,-81
3810610_hallonbergen,2004,-106
3810610_hallonbergen,2005,-139
3810610_hallonbergen,2006,-150
3810610_hallonbergen,2007,-164
3810610_hallonbergen,2008,-177
3810610_hallonbergen,2009,-225
3810610_hallonbergen,2010,-263
3810610_hallonbergen,2011,-293
3810610_hallonbergen,2012,-321
3810610_hallonbergen,2013,-346
3810610_hallonbergen,2014,-371
3810720_rissne_norra_arbetsomrade,2000,7
3810720_rissne_norra_arbetsomrade,2001,1
3810720_rissne_norra_arbetsomrade,2002,7
3810720_rissne_norra_arbetsomrade,2003,10
3810720_rissne_norra_arbetsomrade,2004,1
3810720_rissne_norra_arbetsomrade,2005,1
3810720_rissne_norra_arbetsomrade,2006,1
3810720_rissne_norra_arbetsomrade,2007,1
3810720_rissne_norra_arbetsomrade,2008,-2
3810720_rissne_norra_arbetsomrade,2009,-5
3810720_rissne_norra_arbetsomrade,2010,-6
3810720_rissne_norra_arbetsomrade,2011,-3
3810720_rissne_norra_arbetsomrade,2012,-6
3810720_rissne_norra_arbetsomrade,2013,-6
3810720_rissne_norra_arbetsomrade,2014,-6
3810740_norra_rissne,2000,-17
3810740_norra_rissne,2001,-45
3810740_norra_rissne,2002,-72
3810740_norra_rissne,2003,-94
3810740_norra_rissne,2004,-148
3810740_norra_rissne,2005,-164
3810740_norra_rissne,2006,-198
3810740_norra_rissne,2007,-235
3810740_norra_rissne,2008,-256
3810740_norra_rissne,2009,-275
3810740_norra_rissne,2010,-278
3810740_norra_rissne,2011,-285
3810740_norra_rissne,2012,-302
3810740_norra_rissne,2013,-333
3810740_norra_rissne,2014,-343
3810750_sodra_rissne,2000,2
3810750_sodra_rissne,2001,-5
3810750_sodra_rissne,2002,-26
3810750_sodra_rissne,2003,-47
3810750_sodra_rissne,2004,-64
3810750_sodra_rissne,2005,-110
3810750_sodra_rissne,2006,-117
3810750_sodra_rissne,2007,-113
3810750_sodra_rissne,2008,-139
3810750_sodra_rissne,2009,-165
3810750_sodra_rissne,2010,-163
3810750_sodra_rissne,2011,-187
3810750_sodra_rissne,2012,-182
3810750_sodra_rissne,2013,-186
3810750_sodra_rissne,2014,-207
3810810_ursviks_smahusomrade,2000,3
3810810_ursviks_smahusomrade,2001,-2
3810810_ursviks_smahusomrade,2002,9
3810810_ursviks_smahusomrade,2003,6
3810810_ursviks_smahusomrade,2004,15
3810810_ursviks_smahusomrade,2005,15
3810810_ursviks_smahusomrade,2006,24
3810810_ursviks_smahusomrade,2007,30
3810810_ursviks_smahusomrade,2008,30
3810810_ursviks_smahusomrade,2009,30
3810810_ursviks_smahusomrade,2010,24
3810810_ursviks_smahusomrade,2011,28
3810810_ursviks_smahusomrade,2012,34
3810810_ursviks_smahusomrade,2013,47
3810810_ursviks_smahusomrade,2014,57
3710120_vastra_ritorp,2000,6
3710120_vastra_ritorp,2001,19
3710120_vastra_ritorp,2002,30
3710120_vastra_ritorp,2003,18
3710120_vastra_ritorp,2004,11
3710120_vastra_ritorp,2005,6
3710120_vastra_ritorp,2006,-1
3710120_vastra_ritorp,2007,-9
3710120_vastra_ritorp,2008,-15
3710120_vastra_ritorp,2009,-31
3710120_vastra_ritorp,2010,-22
3710120_vastra_ritorp,2011,-23
3710120_vastra_ritorp,2012,-33
3710120_vastra_ritorp,2013,-63
3710120_vastra_ritorp,2014,-98
3710130_ostra_ritorp,2000,-1
3710130_ostra_ritorp,2001,5
3710130_ostra_ritorp,2002,17
3710130_ostra_ritorp,2003,8
3710130_ostra_ritorp,2004,4
3710130_ostra_ritorp,2005,1
3710130_ostra_ritorp,2006,15
3710130_ostra_ritorp,2007,23
3710130_ostra_ritorp,2008,18
3710130_ostra_ritorp,2009,4
3710130_ostra_ritorp,2010,1
3710130_ostra_ritorp,2011,-9
3710130_ostra_ritorp,2012,-15
3710130_ostra_ritorp,2013,-5
3710130_ostra_ritorp,2014,-21
3710141_sodra_frosunda_norra_frosunda,2000,43
3710141_sodra_frosunda_norra_frosunda,2001,101
3710141_sodra_frosunda_norra_frosunda,2002,247
3710141_sodra_frosunda_norra_frosunda,2003,333
3710141_sodra_frosunda_norra_frosunda,2004,463
3710141_sodra_frosunda_norra_frosunda,2005,649
3710141_sodra_frosunda_norra_frosunda,2006,779
3710141_sodra_frosunda_norra_frosunda,2007,979
3710141_sodra_frosunda_norra_frosunda,2008,1055
3710141_sodra_frosunda_norra_frosunda,2009,1122
3710141_sodra_frosunda_norra_frosunda,2010,1131
3710141_sodra_frosunda_norra_frosunda,2011,1192
3710141_sodra_frosunda_norra_frosunda,2012,1194
3710141_sodra_frosunda_norra_frosunda,2013,1180
3710141_sodra_frosunda_norra_frosunda,2014,1206
3710143_ballongberget,2000,63
3710143_ballongberget,2001,48
3710143_ballongberget,2002,30
3710143_ballongberget,2003,-2
3710143_ballongberget,2004,-24
3710143_ballongberget,2005,-55
3710143_ballongberget,2006,-67
3710143_ballongberget,2007,-118
3710143_ballongberget,2008,-148
3710143_ballongberget,2009,-162
3710143_ballongberget,2010,-162
3710143_ballongberget,2011,-162
3710143_ballongberget,2012,-177
3710143_ballongberget,2013,-180
3710143_ballongberget,2014,-174
3710160_bagartorp,2000,17
3710160_bagartorp,2001,32
3710160_bagartorp,2002,31
3710160_bagartorp,2003,27
3710160_bagartorp,2004,35
3710160_bagartorp,2005,34
3710160_bagartorp,2006,29
3710160_bagartorp,2007,15
3710160_bagartorp,2008,8
3710160_bagartorp,2009,10
3710160_bagartorp,2010,19
3710160_bagartorp,2011,12
3710160_bagartorp,2012,8
3710160_bagartorp,2013,17
3710160_bagartorp,2014,4
3710170_rastahem,2000,4
3710170_rastahem,2001,4
3710170_rastahem,2002,7
3710170_rastahem,2003,10
3710170_rastahem,2004,17
3710170_rastahem,2005,17
3710170_rastahem,2006,14
3710170_rastahem,2007,8
3710170_rastahem,2008,8
3710170_rastahem,2009,5
3710170_rastahem,2010,4
3710170_rastahem,2011,4
3710170_rastahem,2012,7
3710170_rastahem,2013,10
3710170_rastahem,2014,13
3710180_agnesberg,2000,-8
3710180_agnesberg,2001,3
3710180_agnesberg,2002,0
3710180_agnesberg,2003,6
3710180_agnesberg,2004,-1
3710180_agnesberg,2005,-10
3710180_agnesberg,2006,-6
3710180_agnesberg,2007,-15
3710180_agnesberg,2008,-10
3710180_agnesberg,2009,-24
3710180_agnesberg,2010,8
3710180_agnesberg,2011,3
3710180_agnesberg,2012,1
3710180_agnesberg,2013,0
3710180_agnesberg,2014,-4
3710200_ulriksdal,2000,0
3710200_ulriksdal,2001,3
3710200_ulriksdal,2002,3
3710200_ulriksdal,2003,4
3710200_ulriksdal,2004,7
3710200_ulriksdal,2005,1
3710200_ulriksdal,2006,5
3710200_ulriksdal,2007,5
3710200_ulriksdal,2008,8
3710200_ulriksdal,2009,7
3710200_ulriksdal,2010,10
3710200_ulriksdal,2011,7
3710200_ulriksdal,2012,10
3710200_ulriksdal,2013,11
3710200_ulriksdal,2014,16
3710310_norra_bergshamra,2000,14
3710310_norra_bergshamra,2001,21
3710310_norra_bergshamra,2002,25
3710310_norra_bergshamra,2003,27
3710310_norra_bergshamra,2004,25
3710310_norra_bergshamra,2005,28
3710310_norra_bergshamra,2006,38
3710310_norra_bergshamra,2007,40
3710310_norra_bergshamra,2008,42
3710310_norra_bergshamra,2009,35
3710310_norra_bergshamra,2010,25
3710310_norra_bergshamra,2011,23
3710310_norra_bergshamra,2012,26
3710310_norra_bergshamra,2013,56
3710310_norra_bergshamra,2014,45
3710320_bergshamra_torg,2000,2
3710320_bergshamra_torg,2001,-1
3710320_bergshamra_torg,2002,-1
3710320_bergshamra_torg,2003,-9
3710320_bergshamra_torg,2004,-18
3710320_bergshamra_torg,2005,-9
3710320_bergshamra_torg,2006,1
3710320_bergshamra_torg,2007,14
3710320_bergshamra_torg,2008,15
3710320_bergshamra_torg,2009,-6
3710320_bergshamra_torg,2010,-4
3710320_bergshamra_torg,2011,17
3710320_bergshamra_torg,2012,27
3710320_bergshamra_torg,2013,24
3710320_bergshamra_torg,2014,25
3710330_stocksundstorp,2000,5
3710330_stocksundstorp,2001,4
3710330_stocksundstorp,2002,4
3710330_stocksundstorp,2003,0
3710330_stocksundstorp,2004,-10
3710330_stocksundstorp,2005,-1
3710330_stocksundstorp,2006,-12
3710330_stocksundstorp,2007,-11
3710330_stocksundstorp,2008,-9
3710330_stocksundstorp,2009,-11
3710330_stocksundstorp,2010,-10
3710330_stocksundstorp,2011,-18
3710330_stocksundstorp,2012,-6
3710330_stocksundstorp,2013,-6
3710330_stocksundstorp,2014,-1
3710340_ostra_bergshamra,2000,8
3710340_ostra_bergshamra,2001,8
3710340_ostra_bergshamra,2002,10
3710340_ostra_bergshamra,2003,15
3710340_ostra_bergshamra,2004,19
3710340_ostra_bergshamra,2005,37
3710340_ostra_bergshamra,2006,35
3710340_ostra_bergshamra,2007,36
3710340_ostra_bergshamra,2008,29
3710340_ostra_bergshamra,2009,24
3710340_ostra_bergshamra,2010,37
3710340_ostra_bergshamra,2011,37
3710340_ostra_bergshamra,2012,40
3710340_ostra_bergshamra,2013,43
3710340_ostra_bergshamra,2014,44
3710350_sodra_bergshamra,2000,-9
3710350_sodra_bergshamra,2001,-7
3710350_sodra_bergshamra,2002,-6
3710350_sodra_bergshamra,2003,-3
3710350_sodra_bergshamra,2004,28
3710350_sodra_bergshamra,2005,19
3710350_sodra_bergshamra,2006,22
3710350_sodra_bergshamra,2007,23
3710350_sodra_bergshamra,2008,46
3710350_sodra_bergshamra,2009,60
3710350_sodra_bergshamra,2010,45
3710350_sodra_bergshamra,2011,61
3710350_sodra_bergshamra,2012,66
3710350_sodra_bergshamra,2013,64
3710350_sodra_bergshamra,2014,59
3710360_kungshamra,2000,-81
3710360_kungshamra,2001,-166
3710360_kungshamra,2002,-236
3710360_kungshamra,2003,-335
3710360_kungshamra,2004,-351
3710360_kungshamra,2005,-448
3710360_kungshamra,2006,-565
3710360_kungshamra,2007,-714
3710360_kungshamra,2008,-846
3710360_kungshamra,2009,-986
3710360_kungshamra,2010,-1095
3710360_kungshamra,2011,-1221
3710360_kungshamra,2012,-1364
3710360_kungshamra,2013,-1479
3710360_kungshamra,2014,-1659
3710420_karolinska_sjukhuset_nya_karolinska_solna_kyrkby,2000,12
3710420_karolinska_sjukhuset_nya_karolinska_solna_kyrkby,2001,7
3710420_karolinska_sjukhuset_nya_karolinska_solna_kyrkby,2002,1
3710420_karolinska_sjukhuset_nya_karolinska_solna_kyrkby,2003,-4
3710420_karolinska_sjukhuset_nya_karolinska_solna_kyrkby,2004,-24
3710420_karolinska_sjukhuset_nya_karolinska_solna_kyrkby,2005,-13
3710420_karolinska_sjukhuset_nya_karolinska_solna_kyrkby,2006,-40
3710420_karolinska_sjukhuset_nya_karolinska_solna_kyrkby,2007,-64
3710420_karolinska_sjukhuset_nya_karolinska_solna_kyrkby,2008,-85
3710420_karolinska_sjukhuset_nya_karolinska_solna_kyrkby,2009,-106
3710420_karolinska_sjukhuset_nya_karolinska_solna_kyrkby,2010,-122
3710420_karolinska_sjukhuset_nya_karolinska_solna_kyrkby,2011,-120
3710420_karolinska_sjukhuset_nya_karolinska_solna_kyrkby,2012,-144
3710420_karolinska_sjukhuset_nya_karolinska_solna_kyrkby,2013,-165
3710420_karolinska_sjukhuset_nya_karolinska_solna_kyrkby,2014,-194
3710430_karolinska_institutet,2000,-8
3710430_karolinska_institutet,2001,-1
3710430_karolinska_institutet,2002,21
3710430_karolinska_institutet,2003,-1
3710430_karolinska_institutet,2004,-34
3710430_karolinska_institutet,2005,-54
3710430_karolinska_institutet,2006,-69
3710430_karolinska_institutet,2007,-96
3710430_karolinska_institutet,2008,-120
3710430_karolinska_institutet,2009,-126
3710430_karolinska_institutet,2010,-143
3710430_karolinska_institutet,2011,-176
3710430_karolinska_institutet,2012,-196
3710430_karolinska_institutet,2013,-228
3710430_karolinska_institutet,2014,-229
3710520_jungfrudansen,2000,16
3710520_jungfrudansen,2001,8
3710520_jungfrudansen,2002,14
3710520_jungfrudansen,2003,-6
3710520_jungfrudansen,2004,-8
3710520_jungfrudansen,2005,0
3710520_jungfrudansen,2006,-10
3710520_jungfrudansen,2007,4
3710520_jungfrudansen,2008,42
3710520_jungfrudansen,2009,47
3710520_jungfrudansen,2010,54
3710520_jungfrudansen,2011,45
3710520_jungfrudansen,2012,31
3710520_jungfrudansen,2013,100
3710520_jungfrudansen,2014,96
3710530_sodra_huvusta,2000,5
3710530_sodra_huvusta,2001,-26
3710530_sodra_huvusta,2002,-68
3710530_sodra_huvusta,2003,-95
3710530_sodra_huvusta,2004,-109
3710530_sodra_huvusta,2005,-47
3710530_sodra_huvusta,2006,-72
3710530_sodra_huvusta,2007,-80
3710530_sodra_huvusta,2008,-4
3710530_sodra_huvusta,2009,-19
3710530_sodra_huvusta,2010,-18
3710530_sodra_huvusta,2011,-19
3710530_sodra_huvusta,2012,-72
3710530_sodra_huvusta,2013,-59
3710530_sodra_huvusta,2014,-63
3710540_vastra_skogen,2000,-22
3710540_vastra_skogen,2001,-39
3710540_vastra_skogen,2002,-55
3710540_vastra_skogen,2003,-81
3710540_vastra_skogen,2004,-101
3710540_vastra_skogen,2005,-123
3710540_vastra_skogen,2006,-165
3710540_vastra_skogen,2007,-222
3710540_vastra_skogen,2008,-251
3710540_vastra_skogen,2009,-253
3710540_vastra_skogen,2010,-277
3710540_vastra_skogen,2011,-301
3710540_vastra_skogen,2012,-295
3710540_vastra_skogen,2013,-365
3710540_vastra_skogen,2014,-395
3710550_gamla_huvusta,2000,-4
3710550_gamla_huvusta,2001,9
3710550_gamla_huvusta,2002,14
3710550_gamla_huvusta,2003,-14
3710550_gamla_huvusta,2004,-47
3710550_gamla_huvusta,2005,-22
3710550_gamla_huvusta,2006,-2
3710550_gamla_huvusta,2007,36
3710550_gamla_huvusta,2008,97
3710550_gamla_huvusta,2009,165
3710550_gamla_huvusta,2010,170
3710550_gamla_huvusta,2011,146
3710550_gamla_huvusta,2012,178
3710550_gamla_huvusta,2013,173
3710550_gamla_huvusta,2014,172
3710570_huvudstafaltet,2000,13
3710570_huvudstafaltet,2001,33
3710570_huvudstafaltet,2002,36
3710570_huvudstafaltet,2003,26
3710570_huvudstafaltet,2004,18
3710570_huvudstafaltet,2005,37
3710570_huvudstafaltet,2006,67
3710570_huvudstafaltet,2007,62
3710570_huvudstafaltet,2008,72
3710570_huvudstafaltet,2009,57
3710570_huvudstafaltet,2010,50
3710570_huvudstafaltet,2011,43
3710570_huvudstafaltet,2012,61
3710570_huvudstafaltet,2013,107
3710570_huvudstafaltet,2014,118
3710580_pampas_marina_ingenting,2000,3
3710580_pampas_marina_ingenting,2001,16
3710580_pampas_marina_ingenting,2002,60
3710580_pampas_marina_ingenting,2003,62
3710580_pampas_marina_ingenting,2004,58
3710580_pampas_marina_ingenting,2005,59
3710580_pampas_marina_ingenting,2006,62
3710580_pampas_marina_ingenting,2007,65
3710580_pampas_marina_ingenting,2008,66
3710580_pampas_marina_ingenting,2009,55
3710580_pampas_marina_ingenting,2010,57
3710580_pampas_marina_ingenting,2011,59
3710580_pampas_marina_ingenting,2012,65
3710580_pampas_marina_ingenting,2013,92
3710580_pampas_marina_ingenting,2014,95
3720610_solna_station_stora_frosunda_brahelund,2000,80
3720610_solna_station_stora_frosunda_brahelund,2001,101
3720610_solna_station_stora_frosunda_brahelund,2002,107
3720610_solna_station_stora_frosunda_brahelund,2003,115
3720610_solna_station_stora_frosunda_brahelund,2004,105
3720610_solna_station_stora_frosunda_brahelund,2005,97
3720610_solna_station_stora_frosunda_brahelund,2006,84
3720610_solna_station_stora_frosunda_brahelund,2007,80
3720610_solna_station_stora_frosunda_brahelund,2008,75
3720610_solna_station_stora_frosunda_brahelund,2009,71
3720610_solna_station_stora_frosunda_brahelund,2010,67
3720610_solna_station_stora_frosunda_brahelund,2011,63
3720610_solna_station_stora_frosunda_brahelund,2012,40
3720610_solna_station_stora_frosunda_brahelund,2013,40
3720610_solna_station_stora_frosunda_brahelund,2014,45
3720620_blakulla,2000,-21
3720620_blakulla,2001,-38
3720620_blakulla,2002,-57
3720620_blakulla,2003,-36
3720620_blakulla,2004,-59
3720620_blakulla,2005,-63
3720620_blakulla,2006,-44
3720620_blakulla,2007,-68
3720620_blakulla,2008,-76
3720620_blakulla,2009,-98
3720620_blakulla,2010,-115
3720620_blakulla,2011,-110
3720620_blakulla,2012,-102
3720620_blakulla,2013,-84
3720620_blakulla,2014,-84
3720630_rudviken_vastra_hagalund,2000,3
3720630_rudviken_vastra_hagalund,2001,8
3720630_rudviken_vastra_hagalund,2002,3
3720630_rudviken_vastra_hagalund,2003,13
3720630_rudviken_vastra_hagalund,2004,34
3720630_rudviken_vastra_hagalund,2005,28
3720630_rudviken_vastra_hagalund,2006,26
3720630_rudviken_vastra_hagalund,2007,34
3720630_rudviken_vastra_hagalund,2008,23
3720630_rudviken_vastra_hagalund,2009,18
3720630_rudviken_vastra_hagalund,2010,13
3720630_rudviken_vastra_hagalund,2011,36
3720630_rudviken_vastra_hagalund,2012,85
3720630_rudviken_vastra_hagalund,2013,119
3720630_rudviken_vastra_hagalund,2014,95
3720710_rasunda_kyrka_sodra_rasunda,2000,21
3720710_rasunda_kyrka_sodra_rasunda,2001,74
3720710_rasunda_kyrka_sodra_rasunda,2002,83
3720710_rasunda_kyrka_sodra_rasunda,2003,74
3720710_rasunda_kyrka_sodra_rasunda,2004,75
3720710_rasunda_kyrka_sodra_rasunda,2005,81
3720710_rasunda_kyrka_sodra_rasunda,2006,118
3720710_rasunda_kyrka_sodra_rasunda,2007,159
3720710_rasunda_kyrka_sodra_rasunda,2008,150
3720710_rasunda_kyrka_sodra_rasunda,2009,169
3720710_rasunda_kyrka_sodra_rasunda,2010,140
3720710_rasunda_kyrka_sodra_rasunda,2011,156
3720710_rasunda_kyrka_sodra_rasunda,2012,123
3720710_rasunda_kyrka_sodra_rasunda,2013,115
3720710_rasunda_kyrka_sodra_rasunda,2014,142
3720730_skogskronet,2000,14
3720730_skogskronet,2001,5
3720730_skogskronet,2002,11
3720730_skogskronet,2003,15
3720730_skogskronet,2004,13
3720730_skogskronet,2005,47
3720730_skogskronet,2006,43
3720730_skogskronet,2007,53
3720730_skogskronet,2008,44
3720730_skogskronet,2009,43
3720730_skogskronet,2010,28
3720730_skogskronet,2011,36
3720730_skogskronet,2012,27
3720730_skogskronet,2013,37
3720730_skogskronet,2014,39
3720740_rasundaskolan_rasundastadion,2000,7
3720740_rasundaskolan_rasundastadion,2001,-12
3720740_rasundaskolan_rasundastadion,2002,-5
3720740_rasundaskolan_rasundastadion,2003,-3
3720740_rasundaskolan_rasundastadion,2004,7
3720740_rasundaskolan_rasundastadion,2005,11
3720740_rasundaskolan_rasundastadion,2006,13
3720740_rasundaskolan_rasundastadion,2007,-9
3720740_rasundaskolan_rasundastadion,2008,-8
3720740_rasundaskolan_rasundastadion,2009,-26
3720740_rasundaskolan_rasundastadion,2010,-24
3720740_rasundaskolan_rasundastadion,2011,-24
3720740_rasundaskolan_rasundastadion,2012,-9
3720740_rasundaskolan_rasundastadion,2013,-6
3720740_rasundaskolan_rasundastadion,2014,-6
3720750_charlottenburg,2000,2
3720750_charlottenburg,2001,-22
3720750_charlottenburg,2002,-20
3720750_charlottenburg,2003,-24
3720750_charlottenburg,2004,-18
3720750_charlottenburg,2005,-24
3720750_charlottenburg,2006,11
3720750_charlottenburg,2007,6
3720750_charlottenburg,2008,17
3720750_charlottenburg,2009,-2
3720750_charlottenburg,2010,-21
3720750_charlottenburg,2011,-38
3720750_charlottenburg,2012,-75
3720750_charlottenburg,2013,-78
3720750_charlottenburg,2014,-116
3720760_sodra_vasalund,2000,5
3720760_sodra_vasalund,2001,-1
3720760_sodra_vasalund,2002,4
3720760_sodra_vasalund,2003,-7
3720760_sodra_vasalund,2004,-43
3720760_sodra_vasalund,2005,-57
3720760_sodra_vasalund,2006,-76
3720760_sodra_vasalund,2007,-72
3720760_sodra_vasalund,2008,-107
3720760_sodra_vasalund,2009,-128
3720760_sodra_vasalund,2010,-139
3720760_sodra_vasalund,2011,-152
3720760_sodra_vasalund,2012,-174
3720760_sodra_vasalund,2013,-171
3720760_sodra_vasalund,2014,-174
3720770_norra_vasalund,2000,-5
3720770_norra_vasalund,2001,-4
3720770_norra_vasalund,2002,4
3720770_norra_vasalund,2003,19
3720770_norra_vasalund,2004,17
3720770_norra_vasalund,2005,19
3720770_norra_vasalund,2006,51
3720770_norra_vasalund,2007,64
3720770_norra_vasalund,2008,51
3720770_norra_vasalund,2009,53
3720770_norra_vasalund,2010,46
3720770_norra_vasalund,2011,46
3720770_norra_vasalund,2012,41
3720770_norra_vasalund,2013,35
3720770_norra_vasalund,2014,30
3720780_ekensberg,2000,10
3720780_ekensberg,2001,15
3720780_ekensberg,2002,-1
3720780_ekensberg,2003,13
3720780_ekensberg,2004,26
3720780_ekensberg,2005,48
3720780_ekensberg,2006,38
3720780_ekensberg,2007,43
3720780_ekensberg,2008,46
3720780_ekensberg,2009,39
3720780_ekensberg,2010,50
3720780_ekensberg,2011,58
3720780_ekensberg,2012,70
3720780_ekensberg,2013,61
3720780_ekensberg,2014,50
3720790_hallen,2000,-4
3720790_hallen,2001,-7
3720790_hallen,2002,-5
3720790_hallen,2003,-6
3720790_hallen,2004,-11
3720790_hallen,2005,-5
3720790_hallen,2006,-5
3720790_hallen,2007,-11
3720790_hallen,2008,-13
3720790_hallen,2009,-13
3720790_hallen,2010,-18
3720790_hallen,2011,-19
3720790_hallen,2012,-18
3720790_hallen,2013,-24
3720790_hallen,2014,-26
3720910_skytteholm,2000,28
3720910_skytteholm,2001,17
3720910_skytteholm,2002,28
3720910_skytteholm,2003,13
3720910_skytteholm,2004,28
3720910_skytteholm,2005,23
3720910_skytteholm,2006,9
3720910_skytteholm,2007,42
3720910_skytteholm,2008,67
3720910_skytteholm,2009,79
3720910_skytteholm,2010,76
3720910_skytteholm,2011,85
3720910_skytteholm,2012,89
3720910_skytteholm,2013,98
3720910_skytteholm,2014,107
3720920_albygard,2000,4
3720920_albygard,2001,0
3720920_albygard,2002,1
3720920_albygard,2003,2
3720920_albygard,2004,30
3720920_albygard,2005,24
3720920_albygard,2006,42
3720920_albygard,2007,45
3720920_albygard,2008,44
3720920_albygard,2009,48
3720920_albygard,2010,31
3720920_albygard,2011,55
3720920_albygard,2012,58
3720920_albygard,2013,49
3720920_albygard,2014,54
3720930_solna_centrum,2000,-7
3720930_solna_centrum,2001,-9
3720930_solna_centrum,2002,0
3720930_solna_centrum,2003,69
3720930_solna_centrum,2004,76
3720930_solna_centrum,2005,67
3720930_solna_centrum,2006,61
3720930_solna_centrum,2007,70
3720930_solna_centrum,2008,64
3720930_solna_centrum,2009,61
3720930_solna_centrum,2010,56
3720930_solna_centrum,2011,61
3720930_solna_centrum,2012,61
3720930_solna_centrum,2013,58
3720930_solna_centrum,2014,61
3720940_hanneberg,2000,-6
3720940_hanneberg,2001,-15
3720940_hanneberg,2002,-9
3720940_hanneberg,2003,-1
3720940_hanneberg,2004,-2
3720940_hanneberg,2005,-2
3720940_hanneberg,2006,-2
3720940_hanneberg,2007,11
3720940_hanneberg,2008,20
3720940_hanneberg,2009,24
3720940_hanneberg,2010,19
3720940_hanneberg,2011,18
3720940_hanneberg,2012,32
3720940_hanneberg,2013,46
3720940_hanneberg,2014,42
3720950_albydal,2000,9
3720950_albydal,2001,14
3720950_albydal,2002,24
3720950_albydal,2003,29
3720950_albydal,2004,36
3720950_albydal,2005,25
3720950_albydal,2006,19
3720950_albydal,2007,24
3720950_albydal,2008,33
3720950_albydal,2009,28
3720950_albydal,2010,25
3720950_albydal,2011,31
3720950_albydal,2012,35
3720950_albydal,2013,41
3720950_albydal,2014,44
3411110_norra_sticklinge,2000,20
3411110_norra_sticklinge,2001,31
3411110_norra_sticklinge,2002,42
3411110_norra_sticklinge,2003,71
3411110_norra_sticklinge,2004,69
3411110_norra_sticklinge,2005,60
3411110_norra_sticklinge,2006,73
3411110_norra_sticklinge,2007,87
3411110_norra_sticklinge,2008,88
3411110_norra_sticklinge,2009,94
3411110_norra_sticklinge,2010,91
3411110_norra_sticklinge,2011,100
3411110_norra_sticklinge,2012,115
3411110_norra_sticklinge,2013,120
3411110_norra_sticklinge,2014,136
3411120_sodra_sticklinge,2000,2
3411120_sodra_sticklinge,2001,13
3411120_sodra_sticklinge,2002,-8
3411120_sodra_sticklinge,2003,-9
3411120_sodra_sticklinge,2004,-17
3411120_sodra_sticklinge,2005,-17
3411120_sodra_sticklinge,2006,-16
3411120_sodra_sticklinge,2007,-28
3411120_sodra_sticklinge,2008,-31
3411120_sodra_sticklinge,2009,-39
3411120_sodra_sticklinge,2010,-30
3411120_sodra_sticklinge,2011,-41
3411120_sodra_sticklinge,2012,-28
3411120_sodra_sticklinge,2013,-25
3411120_sodra_sticklinge,2014,-23
3411200_islinge,2000,-3
3411200_islinge,2001,-7
3411200_islinge,2002,-9
3411200_islinge,2003,-9
3411200_islinge,2004,-11
3411200_islinge,2005,-3
3411200_islinge,2006,-2
3411200_islinge,2007,2
3411200_islinge,2008,10
3411200_islinge,2009,16
3411200_islinge,2010,20
3411200_islinge,2011,24
3411200_islinge,2012,41
3411200_islinge,2013,39
3411200_islinge,2014,46
3411310_vastra_naset,2000,2
3411310_vastra_naset,2001,-1
3411310_vastra_naset,2002,-11
3411310_vastra_naset,2003,-26
3411310_vastra_naset,2004,-33
3411310_vastra_naset,2005,-34
3411310_vastra_naset,2006,-30
3411310_vastra_naset,2007,-23
3411310_vastra_naset,2008,-13
3411310_vastra_naset,2009,-14
3411310_vastra_naset,2010,-14
3411310_vastra_naset,2011,-13
3411310_vastra_naset,2012,-14
3411310_vastra_naset,2013,-6
3411310_vastra_naset,2014,-11
3411320_ostra_naset,2000,28
3411320_ostra_naset,2001,32
3411320_ostra_naset,2002,7
3411320_ostra_naset,2003,14
3411320_ostra_naset,2004,-16
3411320_ostra_naset,2005,-31
3411320_ostra_naset,2006,-30
3411320_ostra_naset,2007,-34
3411320_ostra_naset,2008,-52
3411320_ostra_naset,2009,-62
3411320_ostra_naset,2010,-69
3411320_ostra_naset,2011,-78
3411320_ostra_naset,2012,-125
3411320_ostra_naset,2013,-121
3411320_ostra_naset,2014,-127
3411400_bo_garde,2000,2
3411400_bo_garde,2001,16
3411400_bo_garde,2002,20
3411400_bo_garde,2003,31
3411400_bo_garde,2004,38
3411400_bo_garde,2005,43
3411400_bo_garde,2006,48
3411400_bo_garde,2007,59
3411400_bo_garde,2008,64
3411400_bo_garde,2009,66
3411400_bo_garde,2010,74
3411400_bo_garde,2011,75
3411400_bo_garde,2012,82
3411400_bo_garde,2013,82
3411400_bo_garde,2014,94
3411510_bo,2000,0
3411510_bo,2001,13
3411510_bo,2002,18
3411510_bo,2003,29
3411510_bo,2004,41
3411510_bo,2005,55
3411510_bo,2006,55
3411510_bo,2007,66
3411510_bo,2008,65
3411510_bo,2009,66
3411510_bo,2010,79
3411510_bo,2011,81
3411510_bo,2012,83
3411510_bo,2013,84
3411510_bo,2014,88
3411520_bjornbo,2000,1
3411520_bjornbo,2001,3
3411520_bjornbo,2002,10
3411520_bjornbo,2003,10
3411520_bjornbo,2004,13
3411520_bjornbo,2005,21
3411520_bjornbo,2006,20
3411520_bjornbo,2007,25
3411520_bjornbo,2008,26
3411520_bjornbo,2009,31
3411520_bjornbo,2010,36
3411520_bjornbo,2011,31
3411520_bjornbo,2012,31
3411520_bjornbo,2013,29
3411520_bjornbo,2014,31
3411610_boson,2000,3
3411610_boson,2001,-3
3411610_boson,2002,3
3411610_boson,2003,3
3411610_boson,2004,-2
3411610_boson,2005,-5
3411610_boson,2006,-5
3411610_boson,2007,1
3411610_boson,2008,4
3411610_boson,2009,1
3411610_boson,2010,-1
3411610_boson,2011,-2
3411610_boson,2012,-11
3411610_boson,2013,-14
3411610_boson,2014,-18
3411620_rudboda,2000,6
3411620_rudboda,2001,2
3411620_rudboda,2002,-13
3411620_rudboda,2003,-15
3411620_rudboda,2004,-6
3411620_rudboda,2005,14
3411620_rudboda,2006,19
3411620_rudboda,2007,25
3411620_rudboda,2008,31
3411620_rudboda,2009,28
3411620_rudboda,2010,18
3411620_rudboda,2011,26
3411620_rudboda,2012,34
3411620_rudboda,2013,53
3411620_rudboda,2014,61
3412100_elfvik,2000,-7
3412100_elfvik,2001,-4
3412100_elfvik,2002,4
3412100_elfvik,2003,14
3412100_elfvik,2004,15
3412100_elfvik,2005,16
3412100_elfvik,2006,15
3412100_elfvik,2007,18
3412100_elfvik,2008,23
3412100_elfvik,2009,23
3412100_elfvik,2010,26
3412100_elfvik,2011,29
3412100_elfvik,2012,28
3412100_elfvik,2013,29
3412100_elfvik,2014,31
3413110_torsviksplatan,2000,-5
3413110_torsviksplatan,2001,-7
3413110_torsviksplatan,2002,-2
3413110_torsviksplatan,2003,-10
3413110_torsviksplatan,2004,-12
3413110_torsviksplatan,2005,-6
3413110_torsviksplatan,2006,1
3413110_torsviksplatan,2007,-12
3413110_torsviksplatan,2008,-13
3413110_torsviksplatan,2009,-13
3413110_torsviksplatan,2010,-25
3413110_torsviksplatan,2011,-30
3413110_torsviksplatan,2012,-27
3413110_torsviksplatan,2013,-24
3413110_torsviksplatan,2014,-34
3413120_lidingo_centrum,2000,-4
3413120_lidingo_centrum,2001,-4
3413120_lidingo_centrum,2002,-6
3413120_lidingo_centrum,2003,-8
3413120_lidingo_centrum,2004,-16
3413120_lidingo_centrum,2005,-19
3413120_lidingo_centrum,2006,-20
3413120_lidingo_centrum,2007,-28
3413120_lidingo_centrum,2008,-32
3413120_lidingo_centrum,2009,-23
3413120_lidingo_centrum,2010,-28
3413120_lidingo_centrum,2011,-27
3413120_lidingo_centrum,2012,-22
3413120_lidingo_centrum,2013,-34
3413120_lidingo_centrum,2014,-36
3413130_stureplatan,2000,-7
3413130_stureplatan,2001,-6
3413130_stureplatan,2002,-5
3413130_stureplatan,2003,-18
3413130_stureplatan,2004,-21
3413130_stureplatan,2005,-20
3413130_stureplatan,2006,-17
3413130_stureplatan,2007,-5
3413130_stureplatan,2008,3
3413130_stureplatan,2009,0
3413130_stureplatan,2010,2
3413130_stureplatan,2011,9
3413130_stureplatan,2012,18
3413130_stureplatan,2013,11
3413130_stureplatan,2014,17
3413140_herserud,2000,-20
3413140_herserud,2001,-23
3413140_herserud,2002,4
3413140_herserud,2003,3
3413140_herserud,2004,17
3413140_herserud,2005,15
3413140_herserud,2006,17
3413140_herserud,2007,22
3413140_herserud,2008,44
3413140_herserud,2009,42
3413140_herserud,2010,30
3413140_herserud,2011,25
3413140_herserud,2012,39
3413140_herserud,2013,32
3413140_herserud,2014,42
3413150_torsviks_torg,2000,0
3413150_torsviks_torg,2001,5
3413150_torsviks_torg,2002,11
3413150_torsviks_torg,2003,6
3413150_torsviks_torg,2004,9
3413150_torsviks_torg,2005,32
3413150_torsviks_torg,2006,29
3413150_torsviks_torg,2007,27
3413150_torsviks_torg,2008,14
3413150_torsviks_torg,2009,4
3413150_torsviks_torg,2010,4
3413150_torsviks_torg,2011,15
3413150_torsviks_torg,2012,18
3413150_torsviks_torg,2013,10
3413150_torsviks_torg,2014,19
3413210_bredablick,2000,-1
3413210_bredablick,2001,1
3413210_bredablick,2002,-4
3413210_bredablick,2003,-11
3413210_bredablick,2004,-20
3413210_bredablick,2005,-9
3413210_bredablick,2006,-11
3413210_bredablick,2007,-8
3413210_bredablick,2008,-12
3413210_bredablick,2009,-14
3413210_bredablick,2010,-17
3413210_bredablick,2011,-18
3413210_bredablick,2012,-13
3413210_bredablick,2013,-15
3413210_bredablick,2014,-20
3413220_norra_hersby,2000,-4
3413220_norra_hersby,2001,1
3413220_norra_hersby,2002,3
3413220_norra_hersby,2003,16
3413220_norra_hersby,2004,3
3413220_norra_hersby,2005,-1
3413220_norra_hersby,2006,4
3413220_norra_hersby,2007,15
3413220_norra_hersby,2008,12
3413220_norra_hersby,2009,23
3413220_norra_hersby,2010,24
3413220_norra_hersby,2011,28
3413220_norra_hersby,2012,47
3413220_norra_hersby,2013,49
3413220_norra_hersby,2014,48
3413230_sodra_hersby,2000,0
3413230_sodra_hersby,2001,-9
3413230_sodra_hersby,2002,-12
3413230_sodra_hersby,2003,-9
3413230_sodra_hersby,2004,3
3413230_sodra_hersby,2005,-5
3413230_sodra_hersby,2006,-8
3413230_sodra_hersby,2007,3
3413230_sodra_hersby,2008,13
3413230_sodra_hersby,2009,20
3413230_sodra_hersby,2010,28
3413230_sodra_hersby,2011,44
3413230_sodra_hersby,2012,41
3413230_sodra_hersby,2013,56
3413230_sodra_hersby,2014,63
3413240_hersbyholm,2000,3
3413240_hersbyholm,2001,-6
3413240_hersbyholm,2002,5
3413240_hersbyholm,2003,10
3413240_hersbyholm,2004,14
3413240_hersbyholm,2005,36
3413240_hersbyholm,2006,39
3413240_hersbyholm,2007,48
3413240_hersbyholm,2008,42
3413240_hersbyholm,2009,50
3413240_hersbyholm,2010,61
3413240_hersbyholm,2011,66
3413240_hersbyholm,2012,76
3413240_hersbyholm,2013,88
3413240_hersbyholm,2014,98
3413300_stockby,2000,3
3413300_stockby,2001,2
3413300_stockby,2002,-2
3413300_stockby,2003,-9
3413300_stockby,2004,-16
3413300_stockby,2005,-14
3413300_stockby,2006,-11
3413300_stockby,2007,-4
3413300_stockby,2008,2
3413300_stockby,2009,-5
3413300_stockby,2010,-3
3413300_stockby,2011,3
3413300_stockby,2012,2
3413300_stockby,2013,8
3413300_stockby,2014,11
3413410_baggeby,2000,-6
3413410_baggeby,2001,-21
3413410_baggeby,2002,-36
3413410_baggeby,2003,-38
3413410_baggeby,2004,-54
3413410_baggeby,2005,-57
3413410_baggeby,2006,-60
3413410_baggeby,2007,-60
3413410_baggeby,2008,-65
3413410_baggeby,2009,-72
3413410_baggeby,2010,-77
3413410_baggeby,2011,-72
3413410_baggeby,2012,-74
3413410_baggeby,2013,-59
3413410_baggeby,2014,-69
3413420_bodal,2000,-5
3413420_bodal,2001,-4
3413420_bodal,2002,-11
3413420_bodal,2003,-1
3413420_bodal,2004,-11
3413420_bodal,2005,-7
3413420_bodal,2006,-11
3413420_bodal,2007,0
3413420_bodal,2008,41
3413420_bodal,2009,37
3413420_bodal,2010,45
3413420_bodal,2011,50
3413420_bodal,2012,53
3413420_bodal,2013,42
3413420_bodal,2014,46
3413500_larsberg,2000,10
3413500_larsberg,2001,-3
3413500_larsberg,2002,-21
3413500_larsberg,2003,-38
3413500_larsberg,2004,-53
3413500_larsberg,2005,-59
3413500_larsberg,2006,-58
3413500_larsberg,2007,-70
3413500_larsberg,2008,-28
3413500_larsberg,2009,-27
3413500_larsberg,2010,-20
3413500_larsberg,2011,-35
3413500_larsberg,2012,-58
3413500_larsberg,2013,-27
3413500_larsberg,2014,-40
3413600_mosstorp,2000,-3
3413600_mosstorp,2001,4
3413600_mosstorp,2002,0
3413600_mosstorp,2003,4
3413600_mosstorp,2004,1
3413600_mosstorp,2005,10
3413600_mosstorp,2006,12
3413600_mosstorp,2007,8
3413600_mosstorp,2008,3
3413600_mosstorp,2009,10
3413600_mosstorp,2010,9
3413600_mosstorp,2011,7
3413600_mosstorp,2012,6
3413600_mosstorp,2013,13
3413600_mosstorp,2014,20
3413710_centrala_gangsatra,2000,-4
3413710_centrala_gangsatra,2001,-9
3413710_centrala_gangsatra,2002,-6
3413710_centrala_gangsatra,2003,-19
3413710_centrala_gangsatra,2004,-18
3413710_centrala_gangsatra,2005,-24
3413710_centrala_gangsatra,2006,-24
3413710_centrala_gangsatra,2007,-15
3413710_centrala_gangsatra,2008,-27
3413710_centrala_gangsatra,2009,-17
3413710_centrala_gangsatra,2010,-21
3413710_centrala_gangsatra,2011,-12
3413710_centrala_gangsatra,2012,-7
3413710_centrala_gangsatra,2013,-16
3413710_centrala_gangsatra,2014,-7
3413720_norra_gangsatra,2000,-3
3413720_norra_gangsatra,2001,7
3413720_norra_gangsatra,2002,11
3413720_norra_gangsatra,2003,12
3413720_norra_gangsatra,2004,5
3413720_norra_gangsatra,2005,0
3413720_norra_gangsatra,2006,-6
3413720_norra_gangsatra,2007,-17
3413720_norra_gangsatra,2008,-15
3413720_norra_gangsatra,2009,-11
3413720_norra_gangsatra,2010,3
3413720_norra_gangsatra,2011,-2
3413720_norra_gangsatra,2012,8
3413720_norra_gangsatra,2013,21
3413720_norra_gangsatra,2014,21
3413810_bergsatra,2000,-4
3413810_bergsatra,2001,1
3413810_bergsatra,2002,15
3413810_bergsatra,2003,27
3413810_bergsatra,2004,57
3413810_bergsatra,2005,57
3413810_bergsatra,2006,62
3413810_bergsatra,2007,52
3413810_bergsatra,2008,56
3413810_bergsatra,2009,49
3413810_bergsatra,2010,56
3413810_bergsatra,2011,43
3413810_bergsatra,2012,59
3413810_bergsatra,2013,62
3413810_bergsatra,2014,57
3413820_centrala_skrsatra,2000,-5
3413820_centrala_skrsatra,2001,-9
3413820_centrala_skrsatra,2002,-19
3413820_centrala_skrsatra,2003,-27
3413820_centrala_skrsatra,2004,-31
3413820_centrala_skrsatra,2005,-38
3413820_centrala_skrsatra,2006,-39
3413820_centrala_skrsatra,2007,-47
3413820_centrala_skrsatra,2008,-43
3413820_centrala_skrsatra,2009,-40
3413820_centrala_skrsatra,2010,-27
3413820_centrala_skrsatra,2011,-34
3413820_centrala_skrsatra,2012,-31
3413820_centrala_skrsatra,2013,-30
3413820_centrala_skrsatra,2014,-40
3413830_kottla_molna_kappsta,2000,2
3413830_kottla_molna_kappsta,2001,-1
3413830_kottla_molna_kappsta,2002,-8
3413830_kottla_molna_kappsta,2003,-22
3413830_kottla_molna_kappsta,2004,-17
3413830_kottla_molna_kappsta,2005,-10
3413830_kottla_molna_kappsta,2006,9
3413830_kottla_molna_kappsta,2007,4
3413830_kottla_molna_kappsta,2008,3
3413830_kottla_molna_kappsta,2009,4
3413830_kottla_molna_kappsta,2010,20
3413830_kottla_molna_kappsta,2011,24
3413830_kottla_molna_kappsta,2012,37
3413830_kottla_molna_kappsta,2013,32
3413830_kottla_molna_kappsta,2014,47
3414210_centrala_kappala,2000,-11
3414210_centrala_kappala,2001,-21
3414210_centrala_kappala,2002,-21
3414210_centrala_kappala,2003,-31
3414210_centrala_kappala,2004,-37
3414210_centrala_kappala,2005,-44
3414210_centrala_kappala,2006,-43
3414210_centrala_kappala,2007,-40
3414210_centrala_kappala,2008,-48
3414210_centrala_kappala,2009,-52
3414210_centrala_kappala,2010,-61
3414210_centrala_kappala,2011,-73
3414210_centrala_kappala,2012,-87
3414210_centrala_kappala,2013,-80
3414210_centrala_kappala,2014,-93
3414240_killinge,2000,5
3414240_killinge,2001,9
3414240_killinge,2002,15
3414240_killinge,2003,23
3414240_killinge,2004,25
3414240_killinge,2005,39
3414240_killinge,2006,50
3414240_killinge,2007,56
3414240_killinge,2008,52
3414240_killinge,2009,72
3414240_killinge,2010,60
3414240_killinge,2011,64
3414240_killinge,2012,74
3414240_killinge,2013,71
3414240_killinge,2014,74
3414250_ostra_kappala,2000,10
3414250_ostra_kappala,2001,12
3414250_ostra_kappala,2002,15
3414250_ostra_kappala,2003,13
3414250_ostra_kappala,2004,18
3414250_ostra_kappala,2005,29
3414250_ostra_kappala,2006,44
3414250_ostra_kappala,2007,54
3414250_ostra_kappala,2008,56
3414250_ostra_kappala,2009,52
3414250_ostra_kappala,2010,62
3414250_ostra_kappala,2011,61
3414250_ostra_kappala,2012,73
3414250_ostra_kappala,2013,72
3414250_ostra_kappala,2014,76
3414310_brevik,2000,-2
3414310_brevik,2001,6
3414310_brevik,2002,12
3414310_brevik,2003,17
3414310_brevik,2004,21
3414310_brevik,2005,34
3414310_brevik,2006,34
3414310_brevik,2007,31
3414310_brevik,2008,39
3414310_brevik,2009,29
3414310_brevik,2010,37
3414310_brevik,2011,29
3414310_brevik,2012,37
3414310_brevik,2013,48
3414310_brevik,2014,46
3414320_hogberga,2000,5
3414320_hogberga,2001,2
3414320_hogberga,2002,10
3414320_hogberga,2003,18
3414320_hogberga,2004,32
3414320_hogberga,2005,32
3414320_hogberga,2006,53
3414320_hogberga,2007,57
3414320_hogberga,2008,77
3414320_hogberga,2009,82
3414320_hogberga,2010,87
3414320_hogberga,2011,86
3414320_hogberga,2012,96
3414320_hogberga,2013,133
3414320_hogberga,2014,153
4311441_bogesund,2000,0
4311441_bogesund,2001,0
4311441_bogesund,2002,0
4311441_bogesund,2003,3
4311441_bogesund,2004,3
4311441_bogesund,2005,3
4311441_bogesund,2006,6
4311441_bogesund,2007,6
4311441_bogesund,2008,6
4311441_bogesund,2009,6
4311441_bogesund,2010,6
4311441_bogesund,2011,6
4311441_bogesund,2012,3
4311441_bogesund,2013,9
4311441_bogesund,2014,9
4311442_storholmen,2000,3
4311442_storholmen,2001,3
4311442_storholmen,2002,3
4311442_storholmen,2003,6
4311442_storholmen,2004,10
4311442_storholmen,2005,16
4311442_storholmen,2006,13
4311442_storholmen,2007,16
4311442_storholmen,2008,16
4311442_storholmen,2009,19
4311442_storholmen,2010,3
4311442_storholmen,2011,2
4311442_storholmen,2012,2
4311442_storholmen,2013,5
4311442_storholmen,2014,3
4311443_kullon,2000,62
4311443_kullon,2001,81
4311443_kullon,2002,86
4311443_kullon,2003,86
4311443_kullon,2004,119
4311443_kullon,2005,174
4311443_kullon,2006,224
4311443_kullon,2007,252
4311443_kullon,2008,255
4311443_kullon,2009,259
4311443_kullon,2010,262
4311443_kullon,2011,264
4311443_kullon,2012,256
4311443_kullon,2013,261
4311443_kullon,2014,270
4311460_karlsudd,2000,-3
4311460_karlsudd,2001,-3
4311460_karlsudd,2002,-3
4311460_karlsudd,2003,0
4311460_karlsudd,2004,9
4311460_karlsudd,2005,9
4311460_karlsudd,2006,9
4311460_karlsudd,2007,9
4311460_karlsudd,2008,12
4311460_karlsudd,2009,15
4311460_karlsudd,2010,14
4311460_karlsudd,2011,10
4311460_karlsudd,2012,10
4311460_karlsudd,2013,7
4311460_karlsudd,2014,13
4311610_ostra_vaxon,2000,6
4311610_ostra_vaxon,2001,4
4311610_ostra_vaxon,2002,3
4311610_ostra_vaxon,2003,13
4311610_ostra_vaxon,2004,11
4311610_ostra_vaxon,2005,19
4311610_ostra_vaxon,2006,29
4311610_ostra_vaxon,2007,38
4311610_ostra_vaxon,2008,43
4311610_ostra_vaxon,2009,64
4311610_ostra_vaxon,2010,66
4311610_ostra_vaxon,2011,73
4311610_ostra_vaxon,2012,74
4311610_ostra_vaxon,2013,71
4311610_ostra_vaxon,2014,73
4311620_vastra_vaxon,2000,-9
4311620_vastra_vaxon,2001,-14
4311620_vastra_vaxon,2002,-1
4311620_vastra_vaxon,2003,-14
4311620_vastra_vaxon,2004,-19
4311620_vastra_vaxon,2005,-17
4311620_vastra_vaxon,2006,-40
4311620_vastra_vaxon,2007,-55
4311620_vastra_vaxon,2008,-49
4311620_vastra_vaxon,2009,-41
4311620_vastra_vaxon,2010,-42
4311620_vastra_vaxon,2011,-49
4311620_vastra_vaxon,2012,-36
4311620_vastra_vaxon,2013,-33
4311620_vastra_vaxon,2014,-36
4311650_engarn_storang,2000,5
4311650_engarn_storang,2001,3
4311650_engarn_storang,2002,5
4311650_engarn_storang,2003,2
4311650_engarn_storang,2004,-10
4311650_engarn_storang,2005,3
4311650_engarn_storang,2006,10
4311650_engarn_storang,2007,11
4311650_engarn_storang,2008,10
4311650_engarn_storang,2009,2
4311650_engarn_storang,2010,12
4311650_engarn_storang,2011,10
4311650_engarn_storang,2012,8
4311650_engarn_storang,2013,8
4311650_engarn_storang,2014,20
4311661_ytterby_overby,2000,8
4311661_ytterby_overby,2001,25
4311661_ytterby_overby,2002,33
4311661_ytterby_overby,2003,51
4311661_ytterby_overby,2004,62
4311661_ytterby_overby,2005,77
4311661_ytterby_overby,2006,90
4311661_ytterby_overby,2007,115
4311661_ytterby_overby,2008,132
4311661_ytterby_overby,2009,177
4311661_ytterby_overby,2010,199
4311661_ytterby_overby,2011,229
4311661_ytterby_overby,2012,239
4311661_ytterby_overby,2013,248
4311661_ytterby_overby,2014,276
4311730_tynningo,2000,9
4311730_tynningo,2001,7
4311730_tynningo,2002,13
4311730_tynningo,2003,13
4311730_tynningo,2004,21
4311730_tynningo,2005,21
4311730_tynningo,2006,18
4311730_tynningo,2007,21
4311730_tynningo,2008,21
4311730_tynningo,2009,21
4311730_tynningo,2010,19
4311730_tynningo,2011,25
4311730_tynningo,2012,28
4311730_tynningo,2013,31
4311730_tynningo,2014,27
4311810_rindo_centrum,2000,1
4311810_rindo_centrum,2001,5
4311810_rindo_centrum,2002,11
4311810_rindo_centrum,2003,11
4311810_rindo_centrum,2004,9
4311810_rindo_centrum,2005,10
4311810_rindo_centrum,2006,12
4311810_rindo_centrum,2007,17
4311810_rindo_centrum,2008,14
4311810_rindo_centrum,2009,16
4311810_rindo_centrum,2010,19
4311810_rindo_centrum,2011,23
4311810_rindo_centrum,2012,20
4311810_rindo_centrum,2013,11
4311810_rindo_centrum,2014,16
4311820_rindo,2000,3
4311820_rindo,2001,3
4311820_rindo,2002,6
4311820_rindo,2003,3
4311820_rindo,2004,3
4311820_rindo,2005,2
4311820_rindo,2006,5
4311820_rindo,2007,2
4311820_rindo,2008,7
4311820_rindo,2009,7
4311820_rindo,2010,9
4311820_rindo,2011,9
4311820_rindo,2012,9
4311820_rindo,2013,15
4311820_rindo,2014,11
4311830_skarpo,2000,1
4311830_skarpo,2001,7
4311830_skarpo,2002,7
4311830_skarpo,2003,7
4311830_skarpo,2004,11
4311830_skarpo,2005,11
4311830_skarpo,2006,14
4311830_skarpo,2007,14
4311830_skarpo,2008,18
4311830_skarpo,2009,18
4311830_skarpo,2010,19
4311830_skarpo,2011,22
4311830_skarpo,2012,15
4311830_skarpo,2013,15
4311830_skarpo,2014,18
6110310_norrtalje_centrum,2000,2
6110310_norrtalje_centrum,2001,8
6110310_norrtalje_centrum,2002,6
6110310_norrtalje_centrum,2003,2
6110310_norrtalje_centrum,2004,-3
6110310_norrtalje_centrum,2005,-6
6110310_norrtalje_centrum,2006,4
6110310_norrtalje_centrum,2007,8
6110310_norrtalje_centrum,2008,15
6110310_norrtalje_centrum,2009,35
6110310_norrtalje_centrum,2010,34
6110310_norrtalje_centrum,2011,31
6110310_norrtalje_centrum,2012,31
6110310_norrtalje_centrum,2013,37
6110310_norrtalje_centrum,2014,51
6110320_fagelsangen,2000,-7
6110320_fagelsangen,2001,3
6110320_fagelsangen,2002,-12
6110320_fagelsangen,2003,-14
6110320_fagelsangen,2004,-1
6110320_fagelsangen,2005,7
6110320_fagelsangen,2006,7
6110320_fagelsangen,2007,9
6110320_fagelsangen,2008,13
6110320_fagelsangen,2009,25
6110320_fagelsangen,2010,34
6110320_fagelsangen,2011,31
6110320_fagelsangen,2012,36
6110320_fagelsangen,2013,43
6110320_fagelsangen,2014,43
6110330_vastra_rodenstaden,2000,-2
6110330_vastra_rodenstaden,2001,-7
6110330_vastra_rodenstaden,2002,-4
6110330_vastra_rodenstaden,2003,-7
6110330_vastra_rodenstaden,2004,-13
6110330_vastra_rodenstaden,2005,-6
6110330_vastra_rodenstaden,2006,-14
6110330_vastra_rodenstaden,2007,-24
6110330_vastra_rodenstaden,2008,-28
6110330_vastra_rodenstaden,2009,-33
6110330_vastra_rodenstaden,2010,-33
6110330_vastra_rodenstaden,2011,-37
6110330_vastra_rodenstaden,2012,-38
6110330_vastra_rodenstaden,2013,-47
6110330_vastra_rodenstaden,2014,-55
6110340_ostra_rodenstaden,2000,0
6110340_ostra_rodenstaden,2001,-1
6110340_ostra_rodenstaden,2002,2
6110340_ostra_rodenstaden,2003,6
6110340_ostra_rodenstaden,2004,3
6110340_ostra_rodenstaden,2005,6
6110340_ostra_rodenstaden,2006,16
6110340_ostra_rodenstaden,2007,14
6110340_ostra_rodenstaden,2008,26
6110340_ostra_rodenstaden,2009,24
6110340_ostra_rodenstaden,2010,22
6110340_ostra_rodenstaden,2011,26
6110340_ostra_rodenstaden,2012,32
6110340_ostra_rodenstaden,2013,30
6110340_ostra_rodenstaden,2014,39
6110350_norgegardet,2000,-6
6110350_norgegardet,2001,1
6110350_norgegardet,2002,4
6110350_norgegardet,2003,9
6110350_norgegardet,2004,4
6110350_norgegardet,2005,3
6110350_norgegardet,2006,-1
6110350_norgegardet,2007,-2
6110350_norgegardet,2008,-15
6110350_norgegardet,2009,-15
6110350_norgegardet,2010,-14
6110350_norgegardet,2011,-26
6110350_norgegardet,2012,-27
6110350_norgegardet,2013,-23
6110350_norgegardet,2014,-24
6110360_roslagsstaden,2000,-1
6110360_roslagsstaden,2001,-9
6110360_roslagsstaden,2002,-7
6110360_roslagsstaden,2003,-11
6110360_roslagsstaden,2004,-18
6110360_roslagsstaden,2005,-15
6110360_roslagsstaden,2006,-17
6110360_roslagsstaden,2007,-13
6110360_roslagsstaden,2008,-11
6110360_roslagsstaden,2009,-9
6110360_roslagsstaden,2010,-2
6110360_roslagsstaden,2011,6
6110360_roslagsstaden,2012,1
6110360_roslagsstaden,2013,-2
6110360_roslagsstaden,2014,-7
6110410_grossgardet,2000,8
6110410_grossgardet,2001,19
6110410_grossgardet,2002,26
6110410_grossgardet,2003,25
6110410_grossgardet,2004,24
6110410_grossgardet,2005,8
6110410_grossgardet,2006,-5
6110410_grossgardet,2007,-13
6110410_grossgardet,2008,-33
6110410_grossgardet,2009,-53
6110410_grossgardet,2010,-50
6110410_grossgardet,2011,-46
6110410_grossgardet,2012,-61
6110410_grossgardet,2013,-54
6110410_grossgardet,2014,-84
6110430_sodra_bergen,2000,-2
6110430_sodra_bergen,2001,-1
6110430_sodra_bergen,2002,3
6110430_sodra_bergen,2003,-3
6110430_sodra_bergen,2004,-17
6110430_sodra_bergen,2005,-24
6110430_sodra_bergen,2006,-32
6110430_sodra_bergen,2007,-37
6110430_sodra_bergen,2008,-33
6110430_sodra_bergen,2009,-45
6110430_sodra_bergen,2010,-36
6110430_sodra_bergen,2011,-35
6110430_sodra_bergen,2012,-19
6110430_sodra_bergen,2013,-28
6110430_sodra_bergen,2014,-34
6110440_vastra_kvisthamra,2000,-3
6110440_vastra_kvisthamra,2001,0
6110440_vastra_kvisthamra,2002,-3
6110440_vastra_kvisthamra,2003,-3
6110440_vastra_kvisthamra,2004,0
6110440_vastra_kvisthamra,2005,-6
6110440_vastra_kvisthamra,2006,-6
6110440_vastra_kvisthamra,2007,-9
6110440_vastra_kvisthamra,2008,-9
6110440_vastra_kvisthamra,2009,-9
6110440_vastra_kvisthamra,2010,-10
6110440_vastra_kvisthamra,2011,-13
6110440_vastra_kvisthamra,2012,-13
6110440_vastra_kvisthamra,2013,-19
6110440_vastra_kvisthamra,2014,-19
6110450_kvisthamra,2000,2
6110450_kvisthamra,2001,0
6110450_kvisthamra,2002,6
6110450_kvisthamra,2003,14
6110450_kvisthamra,2004,18
6110450_kvisthamra,2005,18
6110450_kvisthamra,2006,15
6110450_kvisthamra,2007,30
6110450_kvisthamra,2008,29
6110450_kvisthamra,2009,29
6110450_kvisthamra,2010,28
6110450_kvisthamra,2011,36
6110450_kvisthamra,2012,40
6110450_kvisthamra,2013,45
6110450_kvisthamra,2014,46
6121000_malsta_forsamling,2000,-3
6121000_malsta_forsamling,2001,-3
6121000_malsta_forsamling,2002,-3
6121000_malsta_forsamling,2003,-3
6121000_malsta_forsamling,2004,-3
6121000_malsta_forsamling,2005,-3
6121000_malsta_forsamling,2006,0
6121000_malsta_forsamling,2007,3
6121000_malsta_forsamling,2008,6
6121000_malsta_forsamling,2009,9
6121000_malsta_forsamling,2010,6
6121000_malsta_forsamling,2011,6
6121000_malsta_forsamling,2012,6
6121000_malsta_forsamling,2013,9
6121000_malsta_forsamling,2014,5
6122000_loharads_forsamling,2000,0
6122000_loharads_forsamling,2001,0
6122000_loharads_forsamling,2002,0
6122000_loharads_forsamling,2003,0
6122000_loharads_forsamling,2004,0
6122000_loharads_forsamling,2005,3
6122000_loharads_forsamling,2006,6
6122000_loharads_forsamling,2007,6
6122000_loharads_forsamling,2008,9
6122000_loharads_forsamling,2009,5
6122000_loharads_forsamling,2010,4
6122000_loharads_forsamling,2011,10
6122000_loharads_forsamling,2012,7
6122000_loharads_forsamling,2013,7
6122000_loharads_forsamling,2014,10
6123100_svanberga,2000,0
6123100_svanberga,2001,3
6123100_svanberga,2002,3
6123100_svanberga,2003,3
6123100_svanberga,2004,0
6123100_svanberga,2005,3
6123100_svanberga,2006,4
6123100_svanberga,2007,7
6123100_svanberga,2008,7
6123100_svanberga,2009,5
6123100_svanberga,2010,6
6123100_svanberga,2011,6
6123100_svanberga,2012,9
6123100_svanberga,2013,9
6123100_svanberga,2014,15
6123210_farsna,2000,0
6123210_farsna,2001,-3
6123210_farsna,2002,-3
6123210_farsna,2003,-3
6123210_farsna,2004,-6
6123210_farsna,2005,-6
6123210_farsna,2006,-6
6123210_farsna,2007,-6
6123210_farsna,2008,-6
6123210_farsna,2009,0
6123210_farsna,2010,1
6123210_farsna,2011,17
6123210_farsna,2012,21
6123210_farsna,2013,31
6123210_farsna,2014,45
6123220_sodra_estuna,2000,0
6123220_sodra_estuna,2001,3
6123220_sodra_estuna,2002,3
6123220_sodra_estuna,2003,3
6123220_sodra_estuna,2004,3
6123220_sodra_estuna,2005,6
6123220_sodra_estuna,2006,6
6123220_sodra_estuna,2007,6
6123220_sodra_estuna,2008,6
6123220_sodra_estuna,2009,6
6123220_sodra_estuna,2010,8
6123220_sodra_estuna,2011,5
6123220_sodra_estuna,2012,5
6123220_sodra_estuna,2013,6
6123220_sodra_estuna,2014,12
6123500_estuna_glesbygd,2000,-3
6123500_estuna_glesbygd,2001,0
6123500_estuna_glesbygd,2002,3
6123500_estuna_glesbygd,2003,9
6123500_estuna_glesbygd,2004,9
6123500_estuna_glesbygd,2005,6
6123500_estuna_glesbygd,2006,9
6123500_estuna_glesbygd,2007,15
6123500_estuna_glesbygd,2008,15
6123500_estuna_glesbygd,2009,18
6123500_estuna_glesbygd,2010,15
6123500_estuna_glesbygd,2011,20
6123500_estuna_glesbygd,2012,19
6123500_estuna_glesbygd,2013,22
6123500_estuna_glesbygd,2014,16
6125000_roslags_bro,2000,1
6125000_roslags_bro,2001,4
6125000_roslags_bro,2002,4
6125000_roslags_bro,2003,11
6125000_roslags_bro,2004,9
6125000_roslags_bro,2005,18
6125000_roslags_bro,2006,27
6125000_roslags_bro,2007,20
6125000_roslags_bro,2008,23
6125000_roslags_bro,2009,25
6125000_roslags_bro,2010,30
6125000_roslags_bro,2011,29
6125000_roslags_bro,2012,33
6125000_roslags_bro,2013,35
6125000_roslags_bro,2014,47
6126500_vato_fastland,2000,-3
6126500_vato_fastland,2001,-3
6126500_vato_fastland,2002,0
6126500_vato_fastland,2003,0
6126500_vato_fastland,2004,6
6126500_vato_fastland,2005,9
6126500_vato_fastland,2006,11
6126500_vato_fastland,2007,14
6126500_vato_fastland,2008,17
6126500_vato_fastland,2009,20
6126500_vato_fastland,2010,20
6126500_vato_fastland,2011,20
6126500_vato_fastland,2012,23
6126500_vato_fastland,2013,23
6126500_vato_fastland,2014,17
6126600_vato,2000,3
6126600_vato,2001,9
6126600_vato,2002,16
6126600_vato,2003,27
6126600_vato,2004,30
6126600_vato,2005,28
6126600_vato,2006,28
6126600_vato,2007,28
6126600_vato,2008,35
6126600_vato,2009,38
6126600_vato,2010,37
6126600_vato,2011,37
6126600_vato,2012,37
6126600_vato,2013,43
6126600_vato,2014,43
6131100_sodersvik,2000,3
6131100_sodersvik,2001,6
6131100_sodersvik,2002,9
6131100_sodersvik,2003,12
6131100_sodersvik,2004,15
6131100_sodersvik,2005,15
6131100_sodersvik,2006,18
6131100_sodersvik,2007,18
6131100_sodersvik,2008,21
6131100_sodersvik,2009,18
6131100_sodersvik,2010,18
6131100_sodersvik,2011,18
6131100_sodersvik,2012,18
6131100_sodersvik,2013,18
6131100_sodersvik,2014,18
6131501_radmansolandet,2000,10
6131501_radmansolandet,2001,22
6131501_radmansolandet,2002,30
6131501_radmansolandet,2003,39
6131501_radmansolandet,2004,46
6131501_radmansolandet,2005,51
6131501_radmansolandet,2006,48
6131501_radmansolandet,2007,59
6131501_radmansolandet,2008,60
6131501_radmansolandet,2009,60
6131501_radmansolandet,2010,58
6131501_radmansolandet,2011,62
6131501_radmansolandet,2012,58
6131501_radmansolandet,2013,57
6131501_radmansolandet,2014,67
6131502_graddo,2000,0
6131502_graddo,2001,-3
6131502_graddo,2002,-6
6131502_graddo,2003,-3
6131502_graddo,2004,-3
6131502_graddo,2005,-6
6131502_graddo,2006,-9
6131502_graddo,2007,-9
6131502_graddo,2008,-9
6131502_graddo,2009,-12
6131502_graddo,2010,-13
6131502_graddo,2011,-10
6131502_graddo,2012,-4
6131502_graddo,2013,-1
6131502_graddo,2014,2
6132120_osthamra,2000,3
6132120_osthamra,2001,3
6132120_osthamra,2002,3
6132120_osthamra,2003,6
6132120_osthamra,2004,9
6132120_osthamra,2005,6
6132120_osthamra,2006,3
6132120_osthamra,2007,0
6132120_osthamra,2008,3
6132120_osthamra,2009,6
6132120_osthamra,2010,7
6132120_osthamra,2011,7
6132120_osthamra,2012,10
6132120_osthamra,2013,4
6132120_osthamra,2014,1
6132200_frotuna,2000,0
6132200_frotuna,2001,0
6132200_frotuna,2002,0
6132200_frotuna,2003,0
6132200_frotuna,2004,-3
6132200_frotuna,2005,-3
6132200_frotuna,2006,5
6132200_frotuna,2007,13
6132200_frotuna,2008,27
6132200_frotuna,2009,30
6132200_frotuna,2010,29
6132200_frotuna,2011,26
6132200_frotuna,2012,26
6132200_frotuna,2013,23
6132200_frotuna,2014,23
6132501_frotuna_o_glesbygd,2000,4
6132501_frotuna_o_glesbygd,2001,11
6132501_frotuna_o_glesbygd,2002,17
6132501_frotuna_o_glesbygd,2003,23
6132501_frotuna_o_glesbygd,2004,23
6132501_frotuna_o_glesbygd,2005,24
6132501_frotuna_o_glesbygd,2006,27
6132501_frotuna_o_glesbygd,2007,28
6132501_frotuna_o_glesbygd,2008,34
6132501_frotuna_o_glesbygd,2009,33
6132501_frotuna_o_glesbygd,2010,40
6132501_frotuna_o_glesbygd,2011,40
6132501_frotuna_o_glesbygd,2012,51
6132501_frotuna_o_glesbygd,2013,50
6132501_frotuna_o_glesbygd,2014,59
6132502_spillersboda,2000,-3
6132502_spillersboda,2001,4
6132502_spillersboda,2002,4
6132502_spillersboda,2003,-3
6132502_spillersboda,2004,0
6132502_spillersboda,2005,0
6132502_spillersboda,2006,3
6132502_spillersboda,2007,6
6132502_spillersboda,2008,2
6132502_spillersboda,2009,-1
6132502_spillersboda,2010,-1
6132502_spillersboda,2011,2
6132502_spillersboda,2012,5
6132502_spillersboda,2013,8
6132502_spillersboda,2014,5
6133100_furusund,2000,0
6133100_furusund,2001,0
6133100_furusund,2002,3
6133100_furusund,2003,3
6133100_furusund,2004,3
6133100_furusund,2005,6
6133100_furusund,2006,3
6133100_furusund,2007,0
6133100_furusund,2008,3
6133100_furusund,2009,3
6133100_furusund,2010,3
6133100_furusund,2011,3
6133100_furusund,2012,3
6133100_furusund,2013,6
6133100_furusund,2014,9
6133200_kopmanholm,2000,0
6133200_kopmanholm,2001,0
6133200_kopmanholm,2002,3
6133200_kopmanholm,2003,3
6133200_kopmanholm,2004,0
6133200_kopmanholm,2005,0
6133200_kopmanholm,2006,3
6133200_kopmanholm,2007,3
6133200_kopmanholm,2008,0
6133200_kopmanholm,2009,-6
6133200_kopmanholm,2010,-8
6133200_kopmanholm,2011,-5
6133200_kopmanholm,2012,-5
6133200_kopmanholm,2013,-2
6133200_kopmanholm,2014,-2
6133600_yxlan,2000,3
6133600_yxlan,2001,9
6133600_yxlan,2002,6
6133600_yxlan,2003,9
6133600_yxlan,2004,9
6133600_yxlan,2005,13
6133600_yxlan,2006,13
6133600_yxlan,2007,13
6133600_yxlan,2008,13
6133600_yxlan,2009,16
6133600_yxlan,2010,16
6133600_yxlan,2011,18
6133600_yxlan,2012,15
6133600_yxlan,2013,12
6133600_yxlan,2014,12
6133700_blido,2000,4
6133700_blido,2001,4
6133700_blido,2002,4
6133700_blido,2003,4
6133700_blido,2004,4
6133700_blido,2005,5
6133700_blido,2006,12
6133700_blido,2007,10
6133700_blido,2008,10
6133700_blido,2009,11
6133700_blido,2010,9
6133700_blido,2011,9
6133700_blido,2012,6
6133700_blido,2013,6
6133700_blido,2014,10
6134100_bergshamra,2000,-3
6134100_bergshamra,2001,-6
6134100_bergshamra,2002,-6
6134100_bergshamra,2003,0
6134100_bergshamra,2004,3
6134100_bergshamra,2005,6
6134100_bergshamra,2006,3
6134100_bergshamra,2007,6
6134100_bergshamra,2008,9
6134100_bergshamra,2009,14
6134100_bergshamra,2010,14
6134100_bergshamra,2011,18
6134100_bergshamra,2012,18
6134100_bergshamra,2013,15
6134100_bergshamra,2014,19
6134510_lanna_fastland,2000,3
6134510_lanna_fastland,2001,4
6134510_lanna_fastland,2002,10
6134510_lanna_fastland,2003,21
6134510_lanna_fastland,2004,34
6134510_lanna_fastland,2005,39
6134510_lanna_fastland,2006,45
6134510_lanna_fastland,2007,44
6134510_lanna_fastland,2008,48
6134510_lanna_fastland,2009,54
6134510_lanna_fastland,2010,57
6134510_lanna_fastland,2011,56
6134510_lanna_fastland,2012,65
6134510_lanna_fastland,2013,59
6134510_lanna_fastland,2014,65
6134520_svartno,2000,0
6134520_svartno,2001,3
6134520_svartno,2002,6
6134520_svartno,2003,9
6134520_svartno,2004,9
6134520_svartno,2005,12
6134520_svartno,2006,12
6134520_svartno,2007,12
6134520_svartno,2008,9
6134520_svartno,2009,9
6134520_svartno,2010,7
6134520_svartno,2011,10
6134520_svartno,2012,13
6134520_svartno,2013,16
6134520_svartno,2014,16
6135000_riala_forsamling,2000,-1
6135000_riala_forsamling,2001,2
6135000_riala_forsamling,2002,1
6135000_riala_forsamling,2003,4
6135000_riala_forsamling,2004,9
6135000_riala_forsamling,2005,5
6135000_riala_forsamling,2006,5
6135000_riala_forsamling,2007,6
6135000_riala_forsamling,2008,9
6135000_riala_forsamling,2009,13
6135000_riala_forsamling,2010,15
6135000_riala_forsamling,2011,18
6135000_riala_forsamling,2012,20
6135000_riala_forsamling,2013,17
6135000_riala_forsamling,2014,21
6141110_sodra_rimbo,2000,-6
6141110_sodra_rimbo,2001,-3
6141110_sodra_rimbo,2002,-1
6141110_sodra_rimbo,2003,-5
6141110_sodra_rimbo,2004,2
6141110_sodra_rimbo,2005,0
6141110_sodra_rimbo,2006,8
6141110_sodra_rimbo,2007,-3
6141110_sodra_rimbo,2008,-5
6141110_sodra_rimbo,2009,-12
6141110_sodra_rimbo,2010,-7
6141110_sodra_rimbo,2011,1
6141110_sodra_rimbo,2012,-2
6141110_sodra_rimbo,2013,1
6141110_sodra_rimbo,2014,-3
6141120_hasta,2000,4
6141120_hasta,2001,7
6141120_hasta,2002,4
6141120_hasta,2003,3
6141120_hasta,2004,8
6141120_hasta,2005,8
6141120_hasta,2006,13
6141120_hasta,2007,13
6141120_hasta,2008,16
6141120_hasta,2009,16
6141120_hasta,2010,17
6141120_hasta,2011,20
6141120_hasta,2012,16
6141120_hasta,2013,17
6141120_hasta,2014,11
6141130_vastertorp,2000,0
6141130_vastertorp,2001,-2
6141130_vastertorp,2002,-8
6141130_vastertorp,2003,-12
6141130_vastertorp,2004,-19
6141130_vastertorp,2005,-18
6141130_vastertorp,2006,-30
6141130_vastertorp,2007,-28
6141130_vastertorp,2008,-25
6141130_vastertorp,2009,-25
6141130_vastertorp,2010,-30
6141130_vastertorp,2011,-31
6141130_vastertorp,2012,-20
6141130_vastertorp,2013,-24
6141130_vastertorp,2014,-31
6141500_rimbo_glesbygd,2000,4
6141500_rimbo_glesbygd,2001,5
6141500_rimbo_glesbygd,2002,7
6141500_rimbo_glesbygd,2003,10
6141500_rimbo_glesbygd,2004,10
6141500_rimbo_glesbygd,2005,9
6141500_rimbo_glesbygd,2006,1
6141500_rimbo_glesbygd,2007,1
6141500_rimbo_glesbygd,2008,2
6141500_rimbo_glesbygd,2009,7
6141500_rimbo_glesbygd,2010,5
6141500_rimbo_glesbygd,2011,0
6141500_rimbo_glesbygd,2012,0
6141500_rimbo_glesbygd,2013,8
6141500_rimbo_glesbygd,2014,16
6142100_ranas,2000,-6
6142100_ranas,2001,-6
6142100_ranas,2002,-3
6142100_ranas,2003,0
6142100_ranas,2004,-3
6142100_ranas,2005,0
6142100_ranas,2006,-6
6142100_ranas,2007,-6
6142100_ranas,2008,-10
6142100_ranas,2009,-10
6142100_ranas,2010,-12
6142100_ranas,2011,-12
6142100_ranas,2012,-9
6142100_ranas,2013,-9
6142100_ranas,2014,-15
6142500_fasterna_glesbygd,2000,3
6142500_fasterna_glesbygd,2001,6
6142500_fasterna_glesbygd,2002,6
6142500_fasterna_glesbygd,2003,9
6142500_fasterna_glesbygd,2004,5
6142500_fasterna_glesbygd,2005,8
6142500_fasterna_glesbygd,2006,11
6142500_fasterna_glesbygd,2007,11
6142500_fasterna_glesbygd,2008,9
6142500_fasterna_glesbygd,2009,10
6142500_fasterna_glesbygd,2010,10
6142500_fasterna_glesbygd,2011,10
6142500_fasterna_glesbygd,2012,10
6142500_fasterna_glesbygd,2013,5
6142500_fasterna_glesbygd,2014,9
6143100_edsbro,2000,-3
6143100_edsbro,2001,-3
6143100_edsbro,2002,0
6143100_edsbro,2003,0
6143100_edsbro,2004,3
6143100_edsbro,2005,3
6143100_edsbro,2006,7
6143100_edsbro,2007,0
6143100_edsbro,2008,3
6143100_edsbro,2009,0
6143100_edsbro,2010,-3
6143100_edsbro,2011,-3
6143100_edsbro,2012,0
6143100_edsbro,2013,3
6143100_edsbro,2014,6
6143500_edsbro_glesbygd,2000,1
6143500_edsbro_glesbygd,2001,5
6143500_edsbro_glesbygd,2002,5
6143500_edsbro_glesbygd,2003,1
6143500_edsbro_glesbygd,2004,6
6143500_edsbro_glesbygd,2005,12
6143500_edsbro_glesbygd,2006,13
6143500_edsbro_glesbygd,2007,14
6143500_edsbro_glesbygd,2008,10
6143500_edsbro_glesbygd,2009,13
6143500_edsbro_glesbygd,2010,15
6143500_edsbro_glesbygd,2011,12
6143500_edsbro_glesbygd,2012,8
6143500_edsbro_glesbygd,2013,11
6143500_edsbro_glesbygd,2014,8
6144000_skederids_forsamling,2000,3
6144000_skederids_forsamling,2001,11
6144000_skederids_forsamling,2002,10
6144000_skederids_forsamling,2003,13
6144000_skederids_forsamling,2004,19
6144000_skederids_forsamling,2005,16
6144000_skederids_forsamling,2006,17
6144000_skederids_forsamling,2007,17
6144000_skederids_forsamling,2008,18
6144000_skederids_forsamling,2009,14
6144000_skederids_forsamling,2010,17
6144000_skederids_forsamling,2011,16
6144000_skederids_forsamling,2012,22
6144000_skederids_forsamling,2013,22
6144000_skederids_forsamling,2014,22
6145000_husby_sjuhundra,2000,-3
6145000_husby_sjuhundra,2001,-9
6145000_husby_sjuhundra,2002,-6
6145000_husby_sjuhundra,2003,-3
6145000_husby_sjuhundra,2004,-1
6145000_husby_sjuhundra,2005,2
6145000_husby_sjuhundra,2006,7
6145000_husby_sjuhundra,2007,8
6145000_husby_sjuhundra,2008,11
6145000_husby_sjuhundra,2009,8
6145000_husby_sjuhundra,2010,14
6145000_husby_sjuhundra,2011,18
6145000_husby_sjuhundra,2012,25
6145000_husby_sjuhundra,2013,27
6145000_husby_sjuhundra,2014,29
6146000_ro_forsamling,2000,0
6146000_ro_forsamling,2001,7
6146000_ro_forsamling,2002,17
6146000_ro_forsamling,2003,10
6146000_ro_forsamling,2004,13
6146000_ro_forsamling,2005,13
6146000_ro_forsamling,2006,13
6146000_ro_forsamling,2007,19
6146000_ro_forsamling,2008,22
6146000_ro_forsamling,2009,19
6146000_ro_forsamling,2010,19
6146000_ro_forsamling,2011,22
6146000_ro_forsamling,2012,28
6146000_ro_forsamling,2013,27
6146000_ro_forsamling,2014,31
6147000_nartuna_forsamling,2000,-2
6147000_nartuna_forsamling,2001,-2
6147000_nartuna_forsamling,2002,0
6147000_nartuna_forsamling,2003,3
6147000_nartuna_forsamling,2004,6
6147000_nartuna_forsamling,2005,3
6147000_nartuna_forsamling,2006,9
6147000_nartuna_forsamling,2007,16
6147000_nartuna_forsamling,2008,19
6147000_nartuna_forsamling,2009,21
6147000_nartuna_forsamling,2010,25
6147000_nartuna_forsamling,2011,26
6147000_nartuna_forsamling,2012,20
6147000_nartuna_forsamling,2013,25
6147000_nartuna_forsamling,2014,28
6148000_gottrora_forsamling,2000,1
6148000_gottrora_forsamling,2001,8
6148000_gottrora_forsamling,2002,9
6148000_gottrora_forsamling,2003,7
6148000_gottrora_forsamling,2004,9
6148000_gottrora_forsamling,2005,9
6148000_gottrora_forsamling,2006,10
6148000_gottrora_forsamling,2007,13
6148000_gottrora_forsamling,2008,9
6148000_gottrora_forsamling,2009,5
6148000_gottrora_forsamling,2010,5
6148000_gottrora_forsamling,2011,2
6148000_gottrora_forsamling,2012,2
6148000_gottrora_forsamling,2013,2
6148000_gottrora_forsamling,2014,-2
6151100_ostra_hallstavik,2000,3
6151100_ostra_hallstavik,2001,-10
6151100_ostra_hallstavik,2002,-8
6151100_ostra_hallstavik,2003,-3
6151100_ostra_hallstavik,2004,0
6151100_ostra_hallstavik,2005,-7
6151100_ostra_hallstavik,2006,-4
6151100_ostra_hallstavik,2007,-7
6151100_ostra_hallstavik,2008,-24
6151100_ostra_hallstavik,2009,-17
6151100_ostra_hallstavik,2010,-11
6151100_ostra_hallstavik,2011,-12
6151100_ostra_hallstavik,2012,0
6151100_ostra_hallstavik,2013,-3
6151100_ostra_hallstavik,2014,-9
6151200_herrang,2000,0
6151200_herrang,2001,4
6151200_herrang,2002,4
6151200_herrang,2003,1
6151200_herrang,2004,1
6151200_herrang,2005,4
6151200_herrang,2006,-2
6151200_herrang,2007,2
6151200_herrang,2008,2
6151200_herrang,2009,2
6151200_herrang,2010,0
6151200_herrang,2011,0
6151200_herrang,2012,0
6151200_herrang,2013,0
6151200_herrang,2014,-6
6151500_havero_glesbygd,2000,3
6151500_havero_glesbygd,2001,12
6151500_havero_glesbygd,2002,11
6151500_havero_glesbygd,2003,13
6151500_havero_glesbygd,2004,13
6151500_havero_glesbygd,2005,13
6151500_havero_glesbygd,2006,13
6151500_havero_glesbygd,2007,16
6151500_havero_glesbygd,2008,22
6151500_havero_glesbygd,2009,21
6151500_havero_glesbygd,2010,26
6151500_havero_glesbygd,2011,32
6151500_havero_glesbygd,2012,29
6151500_havero_glesbygd,2013,29
6151500_havero_glesbygd,2014,29
6152100_vastra_hallstavik,2000,6
6152100_vastra_hallstavik,2001,9
6152100_vastra_hallstavik,2002,2
6152100_vastra_hallstavik,2003,2
6152100_vastra_hallstavik,2004,-1
6152100_vastra_hallstavik,2005,-1
6152100_vastra_hallstavik,2006,-1
6152100_vastra_hallstavik,2007,2
6152100_vastra_hallstavik,2008,-4
6152100_vastra_hallstavik,2009,-4
6152100_vastra_hallstavik,2010,-5
6152100_vastra_hallstavik,2011,-5
6152100_vastra_hallstavik,2012,-1
6152100_vastra_hallstavik,2013,-4
6152100_vastra_hallstavik,2014,-4
6152500_edebo_glesbygd,2000,-3
6152500_edebo_glesbygd,2001,-6
6152500_edebo_glesbygd,2002,0
6152500_edebo_glesbygd,2003,3
6152500_edebo_glesbygd,2004,3
6152500_edebo_glesbygd,2005,4
6152500_edebo_glesbygd,2006,4
6152500_edebo_glesbygd,2007,11
6152500_edebo_glesbygd,2008,14
6152500_edebo_glesbygd,2009,17
6152500_edebo_glesbygd,2010,18
6152500_edebo_glesbygd,2011,12
6152500_edebo_glesbygd,2012,12
6152500_edebo_glesbygd,2013,12
6152500_edebo_glesbygd,2014,15
6154100_skebobruk,2000,3
6154100_skebobruk,2001,9
6154100_skebobruk,2002,9
6154100_skebobruk,2003,9
6154100_skebobruk,2004,9
6154100_skebobruk,2005,9
6154100_skebobruk,2006,6
6154100_skebobruk,2007,9
6154100_skebobruk,2008,6
6154100_skebobruk,2009,10
6154100_skebobruk,2010,11
6154100_skebobruk,2011,17
6154100_skebobruk,2012,10
6154100_skebobruk,2013,10
6154100_skebobruk,2014,7
6154500_ununge_glesbygd,2000,6
6154500_ununge_glesbygd,2001,9
6154500_ununge_glesbygd,2002,6
6154500_ununge_glesbygd,2003,0
6154500_ununge_glesbygd,2004,3
6154500_ununge_glesbygd,2005,0
6154500_ununge_glesbygd,2006,0
6154500_ununge_glesbygd,2007,0
6154500_ununge_glesbygd,2008,0
6154500_ununge_glesbygd,2009,3
6154500_ununge_glesbygd,2010,5
6154500_ununge_glesbygd,2011,8
6154500_ununge_glesbygd,2012,8
6154500_ununge_glesbygd,2013,1
6154500_ununge_glesbygd,2014,4
6161000_singo_forsamling,2000,0
6161000_singo_forsamling,2001,6
6161000_singo_forsamling,2002,0
6161000_singo_forsamling,2003,0
6161000_singo_forsamling,2004,-3
6161000_singo_forsamling,2005,-3
6161000_singo_forsamling,2006,-6
6161000_singo_forsamling,2007,-6
6161000_singo_forsamling,2008,-9
6161000_singo_forsamling,2009,-12
6161000_singo_forsamling,2010,-9
6161000_singo_forsamling,2011,-12
6161000_singo_forsamling,2012,-15
6161000_singo_forsamling,2013,-12
6161000_singo_forsamling,2014,-12
6162100_almsta,2000,-3
6162100_almsta,2001,0
6162100_almsta,2002,9
6162100_almsta,2003,12
6162100_almsta,2004,13
6162100_almsta,2005,18
6162100_almsta,2006,18
6162100_almsta,2007,28
6162100_almsta,2008,31
6162100_almsta,2009,32
6162100_almsta,2010,29
6162100_almsta,2011,29
6162100_almsta,2012,28
6162100_almsta,2013,27
6162100_almsta,2014,23
6162200_grisslehamn,2000,0
6162200_grisslehamn,2001,0
6162200_grisslehamn,2002,0
6162200_grisslehamn,2003,3
6162200_grisslehamn,2004,3
6162200_grisslehamn,2005,3
6162200_grisslehamn,2006,3
6162200_grisslehamn,2007,6
6162200_grisslehamn,2008,6
6162200_grisslehamn,2009,6
6162200_grisslehamn,2010,5
6162200_grisslehamn,2011,5
6162200_grisslehamn,2012,5
6162200_grisslehamn,2013,5
6162200_grisslehamn,2014,2
6162510_vaddo_fastland,2000,3
6162510_vaddo_fastland,2001,7
6162510_vaddo_fastland,2002,10
6162510_vaddo_fastland,2003,15
6162510_vaddo_fastland,2004,11
6162510_vaddo_fastland,2005,11
6162510_vaddo_fastland,2006,11
6162510_vaddo_fastland,2007,14
6162510_vaddo_fastland,2008,19
6162510_vaddo_fastland,2009,17
6162510_vaddo_fastland,2010,16
6162510_vaddo_fastland,2011,9
6162510_vaddo_fastland,2012,6
6162510_vaddo_fastland,2013,6
6162510_vaddo_fastland,2014,6
6162520_vaddo,2000,-1
6162520_vaddo,2001,-2
6162520_vaddo,2002,5
6162520_vaddo,2003,8
6162520_vaddo,2004,5
6162520_vaddo,2005,4
6162520_vaddo,2006,5
6162520_vaddo,2007,8
6162520_vaddo,2008,7
6162520_vaddo,2009,11
6162520_vaddo,2010,19
6162520_vaddo,2011,18
6162520_vaddo,2012,17
6162520_vaddo,2013,15
6162520_vaddo,2014,22
6163500_bjorko,2000,0
6163500_bjorko,2001,-3
6163500_bjorko,2002,0
6163500_bjorko,2003,-3
6163500_bjorko,2004,4
6163500_bjorko,2005,1
6163500_bjorko,2006,4
6163500_bjorko,2007,7
6163500_bjorko,2008,4
6163500_bjorko,2009,9
6163500_bjorko,2010,10
6163500_bjorko,2011,10
6163500_bjorko,2012,16
6163500_bjorko,2013,13
6163500_bjorko,2014,13
6164100_soderby_karl,2000,0
6164100_soderby_karl,2001,0
6164100_soderby_karl,2002,0
6164100_soderby_karl,2003,-3
6164100_soderby_karl,2004,-3
6164100_soderby_karl,2005,-3
6164100_soderby_karl,2006,0
6164100_soderby_karl,2007,3
6164100_soderby_karl,2008,0
6164100_soderby_karl,2009,0
6164100_soderby_karl,2010,1
6164100_soderby_karl,2011,-6
6164100_soderby_karl,2012,-6
6164100_soderby_karl,2013,-6
6164100_soderby_karl,2014,-3
6164500_soderby_karls_glesbygd,2000,-4
6164500_soderby_karls_glesbygd,2001,2
6164500_soderby_karls_glesbygd,2002,8
6164500_soderby_karls_glesbygd,2003,4
6164500_soderby_karls_glesbygd,2004,4
6164500_soderby_karls_glesbygd,2005,7
6164500_soderby_karls_glesbygd,2006,4
6164500_soderby_karls_glesbygd,2007,4
6164500_soderby_karls_glesbygd,2008,8
6164500_soderby_karls_glesbygd,2009,9
6164500_soderby_karls_glesbygd,2010,7
6164500_soderby_karls_glesbygd,2011,17
6164500_soderby_karls_glesbygd,2012,11
6164500_soderby_karls_glesbygd,2013,15
6164500_soderby_karls_glesbygd,2014,16
3510110_gamla_marsta,2000,-7
3510110_gamla_marsta,2001,-14
3510110_gamla_marsta,2002,-24
3510110_gamla_marsta,2003,-26
3510110_gamla_marsta,2004,-16
3510110_gamla_marsta,2005,-11
3510110_gamla_marsta,2006,-13
3510110_gamla_marsta,2007,-12
3510110_gamla_marsta,2008,-21
3510110_gamla_marsta,2009,-29
3510110_gamla_marsta,2010,-26
3510110_gamla_marsta,2011,-15
3510110_gamla_marsta,2012,-29
3510110_gamla_marsta,2013,-32
3510110_gamla_marsta,2014,-27
3510120_marsta_kyrka,2000,-3
3510120_marsta_kyrka,2001,-3
3510120_marsta_kyrka,2002,1
3510120_marsta_kyrka,2003,7
3510120_marsta_kyrka,2004,10
3510120_marsta_kyrka,2005,12
3510120_marsta_kyrka,2006,19
3510120_marsta_kyrka,2007,16
3510120_marsta_kyrka,2008,16
3510120_marsta_kyrka,2009,21
3510120_marsta_kyrka,2010,21
3510120_marsta_kyrka,2011,27
3510120_marsta_kyrka,2012,31
3510120_marsta_kyrka,2013,34
3510120_marsta_kyrka,2014,27
3510130_tingvalla,2000,12
3510130_tingvalla,2001,8
3510130_tingvalla,2002,-1
3510130_tingvalla,2003,-13
3510130_tingvalla,2004,-11
3510130_tingvalla,2005,-8
3510130_tingvalla,2006,-11
3510130_tingvalla,2007,-10
3510130_tingvalla,2008,-1
3510130_tingvalla,2009,-16
3510130_tingvalla,2010,-19
3510130_tingvalla,2011,-22
3510130_tingvalla,2012,-20
3510130_tingvalla,2013,-21
3510130_tingvalla,2014,-27
3510140_ekillatorp,2000,-3
3510140_ekillatorp,2001,0
3510140_ekillatorp,2002,-3
3510140_ekillatorp,2003,-7
3510140_ekillatorp,2004,-7
3510140_ekillatorp,2005,-7
3510140_ekillatorp,2006,-4
3510140_ekillatorp,2007,-4
3510140_ekillatorp,2008,1
3510140_ekillatorp,2009,13
3510140_ekillatorp,2010,17
3510140_ekillatorp,2011,20
3510140_ekillatorp,2012,14
3510140_ekillatorp,2013,16
3510140_ekillatorp,2014,16
3510150_sodra_ekilla,2000,-1
3510150_sodra_ekilla,2001,6
3510150_sodra_ekilla,2002,11
3510150_sodra_ekilla,2003,19
3510150_sodra_ekilla,2004,1
3510150_sodra_ekilla,2005,-3
3510150_sodra_ekilla,2006,-3
3510150_sodra_ekilla,2007,-4
3510150_sodra_ekilla,2008,-4
3510150_sodra_ekilla,2009,-6
3510150_sodra_ekilla,2010,-11
3510150_sodra_ekilla,2011,-18
3510150_sodra_ekilla,2012,-18
3510150_sodra_ekilla,2013,-14
3510150_sodra_ekilla,2014,-19
3510160_marsta_centrum,2000,5
3510160_marsta_centrum,2001,3
3510160_marsta_centrum,2002,1
3510160_marsta_centrum,2003,9
3510160_marsta_centrum,2004,3
3510160_marsta_centrum,2005,3
3510160_marsta_centrum,2006,-5
3510160_marsta_centrum,2007,-8
3510160_marsta_centrum,2008,-13
3510160_marsta_centrum,2009,-16
3510160_marsta_centrum,2010,-23
3510160_marsta_centrum,2011,-2
3510160_marsta_centrum,2012,5
3510160_marsta_centrum,2013,0
3510160_marsta_centrum,2014,-20
3510210_ostra_norrbacka,2000,-8
3510210_ostra_norrbacka,2001,-17
3510210_ostra_norrbacka,2002,-22
3510210_ostra_norrbacka,2003,-12
3510210_ostra_norrbacka,2004,-11
3510210_ostra_norrbacka,2005,-22
3510210_ostra_norrbacka,2006,-31
3510210_ostra_norrbacka,2007,-36
3510210_ostra_norrbacka,2008,-42
3510210_ostra_norrbacka,2009,-46
3510210_ostra_norrbacka,2010,-43
3510210_ostra_norrbacka,2011,-47
3510210_ostra_norrbacka,2012,-27
3510210_ostra_norrbacka,2013,-20
3510210_ostra_norrbacka,2014,-10
3510220_vastra_norrbacka,2000,-8
3510220_vastra_norrbacka,2001,-7
3510220_vastra_norrbacka,2002,-12
3510220_vastra_norrbacka,2003,-12
3510220_vastra_norrbacka,2004,-9
3510220_vastra_norrbacka,2005,-17
3510220_vastra_norrbacka,2006,-14
3510220_vastra_norrbacka,2007,-16
3510220_vastra_norrbacka,2008,-10
3510220_vastra_norrbacka,2009,-7
3510220_vastra_norrbacka,2010,-8
3510220_vastra_norrbacka,2011,0
3510220_vastra_norrbacka,2012,8
3510220_vastra_norrbacka,2013,14
3510220_vastra_norrbacka,2014,17
3510260_norra_ekilla,2000,3
3510260_norra_ekilla,2001,-3
3510260_norra_ekilla,2002,0
3510260_norra_ekilla,2003,9
3510260_norra_ekilla,2004,10
3510260_norra_ekilla,2005,7
3510260_norra_ekilla,2006,7
3510260_norra_ekilla,2007,2
3510260_norra_ekilla,2008,-1
3510260_norra_ekilla,2009,0
3510260_norra_ekilla,2010,0
3510260_norra_ekilla,2011,4
3510260_norra_ekilla,2012,1
3510260_norra_ekilla,2013,3
3510260_norra_ekilla,2014,6
3510270_ostra_arenberga,2000,0
3510270_ostra_arenberga,2001,3
3510270_ostra_arenberga,2002,3
3510270_ostra_arenberga,2003,0
3510270_ostra_arenberga,2004,3
3510270_ostra_arenberga,2005,6
3510270_ostra_arenberga,2006,9
3510270_ostra_arenberga,2007,12
3510270_ostra_arenberga,2008,9
3510270_ostra_arenberga,2009,9
3510270_ostra_arenberga,2010,9
3510270_ostra_arenberga,2011,12
3510270_ostra_arenberga,2012,12
3510270_ostra_arenberga,2013,8
3510270_ostra_arenberga,2014,11
3510280_satuna,2000,-2
3510280_satuna,2001,-2
3510280_satuna,2002,-13
3510280_satuna,2003,-24
3510280_satuna,2004,-26
3510280_satuna,2005,-30
3510280_satuna,2006,-22
3510280_satuna,2007,-24
3510280_satuna,2008,-37
3510280_satuna,2009,-41
3510280_satuna,2010,-23
3510280_satuna,2011,-7
3510280_satuna,2012,-24
3510280_satuna,2013,-34
3510280_satuna,2014,-60
3510450_marsta_vastra_glesbygd_marsta_maby,2000,-3
3510450_marsta_vastra_glesbygd_marsta_maby,2001,-3
3510450_marsta_vastra_glesbygd_marsta_maby,2002,-3
3510450_marsta_vastra_glesbygd_marsta_maby,2003,-3
3510450_marsta_vastra_glesbygd_marsta_maby,2004,0
3510450_marsta_vastra_glesbygd_marsta_maby,2005,0
3510450_marsta_vastra_glesbygd_marsta_maby,2006,0
3510450_marsta_vastra_glesbygd_marsta_maby,2007,0
3510450_marsta_vastra_glesbygd_marsta_maby,2008,0
3510450_marsta_vastra_glesbygd_marsta_maby,2009,0
3510450_marsta_vastra_glesbygd_marsta_maby,2010,0
3510450_marsta_vastra_glesbygd_marsta_maby,2011,0
3510450_marsta_vastra_glesbygd_marsta_maby,2012,0
3510450_marsta_vastra_glesbygd_marsta_maby,2013,0
3510450_marsta_vastra_glesbygd_marsta_maby,2014,0
3522020_ostra_sigtuna,2000,-6
3522020_ostra_sigtuna,2001,42
3522020_ostra_sigtuna,2002,42
3522020_ostra_sigtuna,2003,54
3522020_ostra_sigtuna,2004,58
3522020_ostra_sigtuna,2005,81
3522020_ostra_sigtuna,2006,77
3522020_ostra_sigtuna,2007,72
3522020_ostra_sigtuna,2008,76
3522020_ostra_sigtuna,2009,85
3522020_ostra_sigtuna,2010,92
3522020_ostra_sigtuna,2011,102
3522020_ostra_sigtuna,2012,96
3522020_ostra_sigtuna,2013,105
3522020_ostra_sigtuna,2014,105
3522030_gamla_sigtuna,2000,5
3522030_gamla_sigtuna,2001,0
3522030_gamla_sigtuna,2002,-5
3522030_gamla_sigtuna,2003,-14
3522030_gamla_sigtuna,2004,-1
3522030_gamla_sigtuna,2005,7
3522030_gamla_sigtuna,2006,7
3522030_gamla_sigtuna,2007,17
3522030_gamla_sigtuna,2008,14
3522030_gamla_sigtuna,2009,21
3522030_gamla_sigtuna,2010,28
3522030_gamla_sigtuna,2011,31
3522030_gamla_sigtuna,2012,32
3522030_gamla_sigtuna,2013,36
3522030_gamla_sigtuna,2014,45
3522040_brannbo,2000,6
3522040_brannbo,2001,4
3522040_brannbo,2002,9
3522040_brannbo,2003,-1
3522040_brannbo,2004,-2
3522040_brannbo,2005,-12
3522040_brannbo,2006,-22
3522040_brannbo,2007,-15
3522040_brannbo,2008,-20
3522040_brannbo,2009,-19
3522040_brannbo,2010,-12
3522040_brannbo,2011,-7
3522040_brannbo,2012,2
3522040_brannbo,2013,9
3522040_brannbo,2014,2
3522050_prastangen_och_hallsbo,2000,4
3522050_prastangen_och_hallsbo,2001,0
3522050_prastangen_och_hallsbo,2002,-4
3522050_prastangen_och_hallsbo,2003,-4
3522050_prastangen_och_hallsbo,2004,1
3522050_prastangen_och_hallsbo,2005,2
3522050_prastangen_och_hallsbo,2006,4
3522050_prastangen_och_hallsbo,2007,-7
3522050_prastangen_och_hallsbo,2008,-4
3522050_prastangen_och_hallsbo,2009,5
3522050_prastangen_och_hallsbo,2010,-2
3522050_prastangen_och_hallsbo,2011,-2
3522050_prastangen_och_hallsbo,2012,-7
3522050_prastangen_och_hallsbo,2013,-9
3522050_prastangen_och_hallsbo,2014,-10
3522060_sjudargarden,2000,-9
3522060_sjudargarden,2001,-14
3522060_sjudargarden,2002,-15
3522060_sjudargarden,2003,7
3522060_sjudargarden,2004,24
3522060_sjudargarden,2005,43
3522060_sjudargarden,2006,52
3522060_sjudargarden,2007,56
3522060_sjudargarden,2008,72
3522060_sjudargarden,2009,69
3522060_sjudargarden,2010,73
3522060_sjudargarden,2011,87
3522060_sjudargarden,2012,95
3522060_sjudargarden,2013,93
3522060_sjudargarden,2014,88
3532010_munkholmen,2000,19
3532010_munkholmen,2001,15
3532010_munkholmen,2002,15
3532010_munkholmen,2003,7
3532010_munkholmen,2004,1
3532010_munkholmen,2005,7
3532010_munkholmen,2006,7
3532010_munkholmen,2007,33
3532010_munkholmen,2008,26
3532010_munkholmen,2009,20
3532010_munkholmen,2010,14
3532010_munkholmen,2011,20
3532010_munkholmen,2012,13
3532010_munkholmen,2013,21
3532010_munkholmen,2014,29
3534030_sankt_olofs_glesbygd_pilsbo,2000,-1
3534030_sankt_olofs_glesbygd_pilsbo,2001,5
3534030_sankt_olofs_glesbygd_pilsbo,2002,16
3534030_sankt_olofs_glesbygd_pilsbo,2003,24
3534030_sankt_olofs_glesbygd_pilsbo,2004,18
3534030_sankt_olofs_glesbygd_pilsbo,2005,32
3534030_sankt_olofs_glesbygd_pilsbo,2006,47
3534030_sankt_olofs_glesbygd_pilsbo,2007,62
3534030_sankt_olofs_glesbygd_pilsbo,2008,87
3534030_sankt_olofs_glesbygd_pilsbo,2009,114
3534030_sankt_olofs_glesbygd_pilsbo,2010,125
3534030_sankt_olofs_glesbygd_pilsbo,2011,121
3534030_sankt_olofs_glesbygd_pilsbo,2012,126
3534030_sankt_olofs_glesbygd_pilsbo,2013,140
3534030_sankt_olofs_glesbygd_pilsbo,2014,140
3541000_sankt_pers_forsamling,2000,8
3541000_sankt_pers_forsamling,2001,9
3541000_sankt_pers_forsamling,2002,18
3541000_sankt_pers_forsamling,2003,18
3541000_sankt_pers_forsamling,2004,20
3541000_sankt_pers_forsamling,2005,19
3541000_sankt_pers_forsamling,2006,22
3541000_sankt_pers_forsamling,2007,25
3541000_sankt_pers_forsamling,2008,21
3541000_sankt_pers_forsamling,2009,21
3541000_sankt_pers_forsamling,2010,18
3541000_sankt_pers_forsamling,2011,27
3541000_sankt_pers_forsamling,2012,41
3541000_sankt_pers_forsamling,2013,44
3541000_sankt_pers_forsamling,2014,54
3542000_haga_forsamling,2000,4
3542000_haga_forsamling,2001,9
3542000_haga_forsamling,2002,9
3542000_haga_forsamling,2003,12
3542000_haga_forsamling,2004,14
3542000_haga_forsamling,2005,15
3542000_haga_forsamling,2006,10
3542000_haga_forsamling,2007,14
3542000_haga_forsamling,2008,20
3542000_haga_forsamling,2009,22
3542000_haga_forsamling,2010,26
3542000_haga_forsamling,2011,23
3542000_haga_forsamling,2012,30
3542000_haga_forsamling,2013,30
3542000_haga_forsamling,2014,26
3551110_norra_valsta,2000,-6
3551110_norra_valsta,2001,-11
3551110_norra_valsta,2002,-10
3551110_norra_valsta,2003,-3
3551110_norra_valsta,2004,-12
3551110_norra_valsta,2005,-10
3551110_norra_valsta,2006,-2
3551110_norra_valsta,2007,-19
3551110_norra_valsta,2008,-20
3551110_norra_valsta,2009,-34
3551110_norra_valsta,2010,-23
3551110_norra_valsta,2011,-30
3551110_norra_valsta,2012,-28
3551110_norra_valsta,2013,-51
3551110_norra_valsta,2014,-68
3551120_valsta_centrum,2000,-7
3551120_valsta_centrum,2001,3
3551120_valsta_centrum,2002,7
3551120_valsta_centrum,2003,-12
3551120_valsta_centrum,2004,-20
3551120_valsta_centrum,2005,-24
3551120_valsta_centrum,2006,-23
3551120_valsta_centrum,2007,-10
3551120_valsta_centrum,2008,-21
3551120_valsta_centrum,2009,-25
3551120_valsta_centrum,2010,-34
3551120_valsta_centrum,2011,-62
3551120_valsta_centrum,2012,-44
3551120_valsta_centrum,2013,-59
3551120_valsta_centrum,2014,-70
3551130_sodra_valsta,2000,-3
3551130_sodra_valsta,2001,-6
3551130_sodra_valsta,2002,-7
3551130_sodra_valsta,2003,-10
3551130_sodra_valsta,2004,-13
3551130_sodra_valsta,2005,-16
3551130_sodra_valsta,2006,-19
3551130_sodra_valsta,2007,-21
3551130_sodra_valsta,2008,-14
3551130_sodra_valsta,2009,-5
3551130_sodra_valsta,2010,-7
3551130_sodra_valsta,2011,-8
3551130_sodra_valsta,2012,-11
3551130_sodra_valsta,2013,-19
3551130_sodra_valsta,2014,-20
3551140_ostra_steninge,2000,1
3551140_ostra_steninge,2001,7
3551140_ostra_steninge,2002,26
3551140_ostra_steninge,2003,27
3551140_ostra_steninge,2004,17
3551140_ostra_steninge,2005,11
3551140_ostra_steninge,2006,16
3551140_ostra_steninge,2007,22
3551140_ostra_steninge,2008,28
3551140_ostra_steninge,2009,32
3551140_ostra_steninge,2010,39
3551140_ostra_steninge,2011,44
3551140_ostra_steninge,2012,42
3551140_ostra_steninge,2013,50
3551140_ostra_steninge,2014,60
3551150_steninge_gard,2000,0
3551150_steninge_gard,2001,19
3551150_steninge_gard,2002,16
3551150_steninge_gard,2003,19
3551150_steninge_gard,2004,13
3551150_steninge_gard,2005,16
3551150_steninge_gard,2006,16
3551150_steninge_gard,2007,19
3551150_steninge_gard,2008,29
3551150_steninge_gard,2009,32
3551150_steninge_gard,2010,33
3551150_steninge_gard,2011,42
3551150_steninge_gard,2012,49
3551150_steninge_gard,2013,59
3551150_steninge_gard,2014,113
3560210_rosersbergs_bostadsomr,2000,0
3560210_rosersbergs_bostadsomr,2001,-5
3560210_rosersbergs_bostadsomr,2002,-4
3560210_rosersbergs_bostadsomr,2003,2
3560210_rosersbergs_bostadsomr,2004,5
3560210_rosersbergs_bostadsomr,2005,5
3560210_rosersbergs_bostadsomr,2006,0
3560210_rosersbergs_bostadsomr,2007,5
3560210_rosersbergs_bostadsomr,2008,10
3560210_rosersbergs_bostadsomr,2009,5
3560210_rosersbergs_bostadsomr,2010,6
3560210_rosersbergs_bostadsomr,2011,6
3560210_rosersbergs_bostadsomr,2012,7
3560210_rosersbergs_bostadsomr,2013,6
3560210_rosersbergs_bostadsomr,2014,0
3560500_rosersbergs_nya_arbetsomr_arlanda_stad_ost_norrsunda_glesbygd_brista_varmeverk,2000,4
3560500_rosersbergs_nya_arbetsomr_arlanda_stad_ost_norrsunda_glesbygd_brista_varmeverk,2001,4
3560500_rosersbergs_nya_arbetsomr_arlanda_stad_ost_norrsunda_glesbygd_brista_varmeverk,2002,4
3560500_rosersbergs_nya_arbetsomr_arlanda_stad_ost_norrsunda_glesbygd_brista_varmeverk,2003,1
3560500_rosersbergs_nya_arbetsomr_arlanda_stad_ost_norrsunda_glesbygd_brista_varmeverk,2004,-5
3560500_rosersbergs_nya_arbetsomr_arlanda_stad_ost_norrsunda_glesbygd_brista_varmeverk,2005,-8
3560500_rosersbergs_nya_arbetsomr_arlanda_stad_ost_norrsunda_glesbygd_brista_varmeverk,2006,-8
3560500_rosersbergs_nya_arbetsomr_arlanda_stad_ost_norrsunda_glesbygd_brista_varmeverk,2007,-5
3560500_rosersbergs_nya_arbetsomr_arlanda_stad_ost_norrsunda_glesbygd_brista_varmeverk,2008,-3
3560500_rosersbergs_nya_arbetsomr_arlanda_stad_ost_norrsunda_glesbygd_brista_varmeverk,2009,-3
3560500_rosersbergs_nya_arbetsomr_arlanda_stad_ost_norrsunda_glesbygd_brista_varmeverk,2010,-3
3560500_rosersbergs_nya_arbetsomr_arlanda_stad_ost_norrsunda_glesbygd_brista_varmeverk,2011,0
3560500_rosersbergs_nya_arbetsomr_arlanda_stad_ost_norrsunda_glesbygd_brista_varmeverk,2012,-2
3560500_rosersbergs_nya_arbetsomr_arlanda_stad_ost_norrsunda_glesbygd_brista_varmeverk,2013,-2
3560500_rosersbergs_nya_arbetsomr_arlanda_stad_ost_norrsunda_glesbygd_brista_varmeverk,2014,-2
3560610_sodra_skanela,2000,0
3560610_sodra_skanela,2001,0
3560610_sodra_skanela,2002,-4
3560610_sodra_skanela,2003,1
3560610_sodra_skanela,2004,5
3560610_sodra_skanela,2005,2
3560610_sodra_skanela,2006,1
3560610_sodra_skanela,2007,3
3560610_sodra_skanela,2008,-3
3560610_sodra_skanela,2009,0
3560610_sodra_skanela,2010,5
3560610_sodra_skanela,2011,4
3560610_sodra_skanela,2012,4
3560610_sodra_skanela,2013,1
3560610_sodra_skanela,2014,4
3580100_skepptuna_fd_forsamling,2000,0
3580100_skepptuna_fd_forsamling,2001,0
3580100_skepptuna_fd_forsamling,2002,-6
3580100_skepptuna_fd_forsamling,2003,-9
3580100_skepptuna_fd_forsamling,2004,-9
3580100_skepptuna_fd_forsamling,2005,-9
3580100_skepptuna_fd_forsamling,2006,-3
3580100_skepptuna_fd_forsamling,2007,-3
3580100_skepptuna_fd_forsamling,2008,0
3580100_skepptuna_fd_forsamling,2009,0
3580100_skepptuna_fd_forsamling,2010,3
3580100_skepptuna_fd_forsamling,2011,8
3580100_skepptuna_fd_forsamling,2012,11
3580100_skepptuna_fd_forsamling,2013,14
3580100_skepptuna_fd_forsamling,2014,20
3580210_ostra_lunda,2000,-3
3580210_ostra_lunda,2001,0
3580210_ostra_lunda,2002,-3
3580210_ostra_lunda,2003,-4
3580210_ostra_lunda,2004,-1
3580210_ostra_lunda,2005,2
3580210_ostra_lunda,2006,-1
3580210_ostra_lunda,2007,-4
3580210_ostra_lunda,2008,-1
3580210_ostra_lunda,2009,5
3580210_ostra_lunda,2010,6
3580210_ostra_lunda,2011,3
3580210_ostra_lunda,2012,9
3580210_ostra_lunda,2013,9
3580210_ostra_lunda,2014,2
3580300_vidbo_fd_forsamling,2000,3
3580300_vidbo_fd_forsamling,2001,6
3580300_vidbo_fd_forsamling,2002,9
3580300_vidbo_fd_forsamling,2003,9
3580300_vidbo_fd_forsamling,2004,9
3580300_vidbo_fd_forsamling,2005,12
3580300_vidbo_fd_forsamling,2006,15
3580300_vidbo_fd_forsamling,2007,19
3580300_vidbo_fd_forsamling,2008,22
3580300_vidbo_fd_forsamling,2009,19
3580300_vidbo_fd_forsamling,2010,16
3580300_vidbo_fd_forsamling,2011,19
3580300_vidbo_fd_forsamling,2012,16
3580300_vidbo_fd_forsamling,2013,16
3580300_vidbo_fd_forsamling,2014,16
6210240_nicksta,2000,4
6210240_nicksta,2001,32
6210240_nicksta,2002,16
6210240_nicksta,2003,3
6210240_nicksta,2004,-12
6210240_nicksta,2005,-26
6210240_nicksta,2006,-39
6210240_nicksta,2007,-50
6210240_nicksta,2008,-45
6210240_nicksta,2009,-52
6210240_nicksta,2010,-67
6210240_nicksta,2011,-64
6210240_nicksta,2012,-57
6210240_nicksta,2013,-61
6210240_nicksta,2014,-53
6210270_kallsmo,2000,0
6210270_kallsmo,2001,0
6210270_kallsmo,2002,-3
6210270_kallsmo,2003,-6
6210270_kallsmo,2004,-6
6210270_kallsmo,2005,-6
6210270_kallsmo,2006,-3
6210270_kallsmo,2007,0
6210270_kallsmo,2008,0
6210270_kallsmo,2009,0
6210270_kallsmo,2010,2
6210270_kallsmo,2011,-1
6210270_kallsmo,2012,2
6210270_kallsmo,2013,2
6210270_kallsmo,2014,2
6210350_vastra_nynashamn_c,2000,-6
6210350_vastra_nynashamn_c,2001,-4
6210350_vastra_nynashamn_c,2002,-11
6210350_vastra_nynashamn_c,2003,-13
6210350_vastra_nynashamn_c,2004,-21
6210350_vastra_nynashamn_c,2005,-30
6210350_vastra_nynashamn_c,2006,-32
6210350_vastra_nynashamn_c,2007,-43
6210350_vastra_nynashamn_c,2008,-39
6210350_vastra_nynashamn_c,2009,-43
6210350_vastra_nynashamn_c,2010,-40
6210350_vastra_nynashamn_c,2011,-49
6210350_vastra_nynashamn_c,2012,-48
6210350_vastra_nynashamn_c,2013,-49
6210350_vastra_nynashamn_c,2014,-43
6210360_ostra_nynashamn_c,2000,7
6210360_ostra_nynashamn_c,2001,24
6210360_ostra_nynashamn_c,2002,22
6210360_ostra_nynashamn_c,2003,31
6210360_ostra_nynashamn_c,2004,35
6210360_ostra_nynashamn_c,2005,23
6210360_ostra_nynashamn_c,2006,28
6210360_ostra_nynashamn_c,2007,35
6210360_ostra_nynashamn_c,2008,46
6210360_ostra_nynashamn_c,2009,42
6210360_ostra_nynashamn_c,2010,34
6210360_ostra_nynashamn_c,2011,37
6210360_ostra_nynashamn_c,2012,41
6210360_ostra_nynashamn_c,2013,57
6210360_ostra_nynashamn_c,2014,61
6210410_nynashamn_sv_esto,2000,2
6210410_nynashamn_sv_esto,2001,-4
6210410_nynashamn_sv_esto,2002,-8
6210410_nynashamn_sv_esto,2003,-12
6210410_nynashamn_sv_esto,2004,-24
6210410_nynashamn_sv_esto,2005,-23
6210410_nynashamn_sv_esto,2006,-23
6210410_nynashamn_sv_esto,2007,-25
6210410_nynashamn_sv_esto,2008,-25
6210410_nynashamn_sv_esto,2009,-16
6210410_nynashamn_sv_esto,2010,-12
6210410_nynashamn_sv_esto,2011,-21
6210410_nynashamn_sv_esto,2012,-16
6210410_nynashamn_sv_esto,2013,-9
6210410_nynashamn_sv_esto,2014,7
6210440_sandhamn_mm,2000,7
6210440_sandhamn_mm,2001,11
6210440_sandhamn_mm,2002,8
6210440_sandhamn_mm,2003,9
6210440_sandhamn_mm,2004,11
6210440_sandhamn_mm,2005,14
6210440_sandhamn_mm,2006,10
6210440_sandhamn_mm,2007,10
6210440_sandhamn_mm,2008,13
6210440_sandhamn_mm,2009,5
6210440_sandhamn_mm,2010,8
6210440_sandhamn_mm,2011,4
6210440_sandhamn_mm,2012,8
6210440_sandhamn_mm,2013,11
6210440_sandhamn_mm,2014,4
6210490_trehorningen_mm,2000,5
6210490_trehorningen_mm,2001,6
6210490_trehorningen_mm,2002,16
6210490_trehorningen_mm,2003,8
6210490_trehorningen_mm,2004,-4
6210490_trehorningen_mm,2005,-4
6210490_trehorningen_mm,2006,1
6210490_trehorningen_mm,2007,0
6210490_trehorningen_mm,2008,7
6210490_trehorningen_mm,2009,6
6210490_trehorningen_mm,2010,11
6210490_trehorningen_mm,2011,4
6210490_trehorningen_mm,2012,11
6210490_trehorningen_mm,2013,13
6210490_trehorningen_mm,2014,7
6210520_vaktberget,2000,2
6210520_vaktberget,2001,5
6210520_vaktberget,2002,13
6210520_vaktberget,2003,12
6210520_vaktberget,2004,5
6210520_vaktberget,2005,2
6210520_vaktberget,2006,-7
6210520_vaktberget,2007,-6
6210520_vaktberget,2008,-7
6210520_vaktberget,2009,-11
6210520_vaktberget,2010,-13
6210520_vaktberget,2011,-9
6210520_vaktberget,2012,-11
6210520_vaktberget,2013,-12
6210520_vaktberget,2014,-3
6210570_rappsta_hacktorp,2000,-1
6210570_rappsta_hacktorp,2001,-6
6210570_rappsta_hacktorp,2002,-8
6210570_rappsta_hacktorp,2003,-4
6210570_rappsta_hacktorp,2004,0
6210570_rappsta_hacktorp,2005,-4
6210570_rappsta_hacktorp,2006,-7
6210570_rappsta_hacktorp,2007,-7
6210570_rappsta_hacktorp,2008,-1
6210570_rappsta_hacktorp,2009,7
6210570_rappsta_hacktorp,2010,6
6210570_rappsta_hacktorp,2011,6
6210570_rappsta_hacktorp,2012,3
6210570_rappsta_hacktorp,2013,7
6210570_rappsta_hacktorp,2014,7
6210640_hamnvik,2000,0
6210640_hamnvik,2001,3
6210640_hamnvik,2002,0
6210640_hamnvik,2003,0
6210640_hamnvik,2004,0
6210640_hamnvik,2005,-4
6210640_hamnvik,2006,2
6210640_hamnvik,2007,8
6210640_hamnvik,2008,5
6210640_hamnvik,2009,5
6210640_hamnvik,2010,5
6210640_hamnvik,2011,5
6210640_hamnvik,2012,8
6210640_hamnvik,2013,8
6210640_hamnvik,2014,8
6220100_sorunda,2000,4
6220100_sorunda,2001,-5
6220100_sorunda,2002,-5
6220100_sorunda,2003,-18
6220100_sorunda,2004,-26
6220100_sorunda,2005,-18
6220100_sorunda,2006,-17
6220100_sorunda,2007,-6
6220100_sorunda,2008,-9
6220100_sorunda,2009,-15
6220100_sorunda,2010,-18
6220100_sorunda,2011,-21
6220100_sorunda,2012,-15
6220100_sorunda,2013,-17
6220100_sorunda,2014,-17
6220200_stora_vika,2000,0
6220200_stora_vika,2001,3
6220200_stora_vika,2002,3
6220200_stora_vika,2003,1
6220200_stora_vika,2004,1
6220200_stora_vika,2005,1
6220200_stora_vika,2006,5
6220200_stora_vika,2007,7
6220200_stora_vika,2008,10
6220200_stora_vika,2009,9
6220200_stora_vika,2010,8
6220200_stora_vika,2011,8
6220200_stora_vika,2012,5
6220200_stora_vika,2013,8
6220200_stora_vika,2014,2
6220300_grodby,2000,0
6220300_grodby,2001,-3
6220300_grodby,2002,-3
6220300_grodby,2003,-3
6220300_grodby,2004,-2
6220300_grodby,2005,-1
6220300_grodby,2006,-4
6220300_grodby,2007,-7
6220300_grodby,2008,-7
6220300_grodby,2009,-10
6220300_grodby,2010,-9
6220300_grodby,2011,-15
6220300_grodby,2012,-15
6220300_grodby,2013,-18
6220300_grodby,2014,-15
6220510_liso,2000,9
6220510_liso,2001,8
6220510_liso,2002,8
6220510_liso,2003,5
6220510_liso,2004,8
6220510_liso,2005,8
6220510_liso,2006,5
6220510_liso,2007,5
6220510_liso,2008,8
6220510_liso,2009,14
6220510_liso,2010,11
6220510_liso,2011,11
6220510_liso,2012,9
6220510_liso,2013,6
6220510_liso,2014,2
6220520_sorunda_vastra_glesbygd,2000,3
6220520_sorunda_vastra_glesbygd,2001,3
6220520_sorunda_vastra_glesbygd,2002,6
6220520_sorunda_vastra_glesbygd,2003,9
6220520_sorunda_vastra_glesbygd,2004,8
6220520_sorunda_vastra_glesbygd,2005,7
6220520_sorunda_vastra_glesbygd,2006,10
6220520_sorunda_vastra_glesbygd,2007,13
6220520_sorunda_vastra_glesbygd,2008,6
6220520_sorunda_vastra_glesbygd,2009,11
6220520_sorunda_vastra_glesbygd,2010,13
6220520_sorunda_vastra_glesbygd,2011,17
6220520_sorunda_vastra_glesbygd,2012,15
6220520_sorunda_vastra_glesbygd,2013,13
6220520_sorunda_vastra_glesbygd,2014,14
6220530_sorunda_ostra_glesbygd,2000,5
6220530_sorunda_ostra_glesbygd,2001,2
6220530_sorunda_ostra_glesbygd,2002,7
6220530_sorunda_ostra_glesbygd,2003,9
6220530_sorunda_ostra_glesbygd,2004,12
6220530_sorunda_ostra_glesbygd,2005,21
6220530_sorunda_ostra_glesbygd,2006,23
6220530_sorunda_ostra_glesbygd,2007,27
6220530_sorunda_ostra_glesbygd,2008,20
6220530_sorunda_ostra_glesbygd,2009,18
6220530_sorunda_ostra_glesbygd,2010,16
6220530_sorunda_ostra_glesbygd,2011,23
6220530_sorunda_ostra_glesbygd,2012,23
6220530_sorunda_ostra_glesbygd,2013,27
6220530_sorunda_ostra_glesbygd,2014,30
6230000_toro_forsamling,2000,6
6230000_toro_forsamling,2001,6
6230000_toro_forsamling,2002,12
6230000_toro_forsamling,2003,20
6230000_toro_forsamling,2004,23
6230000_toro_forsamling,2005,32
6230000_toro_forsamling,2006,32
6230000_toro_forsamling,2007,32
6230000_toro_forsamling,2008,32
6230000_toro_forsamling,2009,32
6230000_toro_forsamling,2010,27
6230000_toro_forsamling,2011,19
6230000_toro_forsamling,2012,14
6230000_toro_forsamling,2013,11
6230000_toro_forsamling,2014,11
6240100_osmo,2000,0
6240100_osmo,2001,-3
6240100_osmo,2002,-4
6240100_osmo,2003,-10
6240100_osmo,2004,-2
6240100_osmo,2005,-8
6240100_osmo,2006,-10
6240100_osmo,2007,-12
6240100_osmo,2008,-15
6240100_osmo,2009,-16
6240100_osmo,2010,-7
6240100_osmo,2011,-16
6240100_osmo,2012,-17
6240100_osmo,2013,-27
6240100_osmo,2014,-27
6240510_jarflotta,2000,3
6240510_jarflotta,2001,3
6240510_jarflotta,2002,6
6240510_jarflotta,2003,12
6240510_jarflotta,2004,15
6240510_jarflotta,2005,21
6240510_jarflotta,2006,24
6240510_jarflotta,2007,27
6240510_jarflotta,2008,27
6240510_jarflotta,2009,27
6240510_jarflotta,2010,30
6240510_jarflotta,2011,27
6240510_jarflotta,2012,30
6240510_jarflotta,2013,27
6240510_jarflotta,2014,30
6240530_osmo_ostra_glesbygd,2000,3
6240530_osmo_ostra_glesbygd,2001,6
6240530_osmo_ostra_glesbygd,2002,9
6240530_osmo_ostra_glesbygd,2003,6
6240530_osmo_ostra_glesbygd,2004,3
6240530_osmo_ostra_glesbygd,2005,3
6240530_osmo_ostra_glesbygd,2006,6
6240530_osmo_ostra_glesbygd,2007,6
6240530_osmo_ostra_glesbygd,2008,3
6240530_osmo_ostra_glesbygd,2009,2
6240530_osmo_ostra_glesbygd,2010,5
6240530_osmo_ostra_glesbygd,2011,-1
6240530_osmo_ostra_glesbygd,2012,2
6240530_osmo_ostra_glesbygd,2013,2
6240530_osmo_ostra_glesbygd,2014,2
6240540_osmo_vastra_glesbygd,2000,6
6240540_osmo_vastra_glesbygd,2001,6
6240540_osmo_vastra_glesbygd,2002,6
6240540_osmo_vastra_glesbygd,2003,9
6240540_osmo_vastra_glesbygd,2004,15
6240540_osmo_vastra_glesbygd,2005,23
6240540_osmo_vastra_glesbygd,2006,23
6240540_osmo_vastra_glesbygd,2007,29
6240540_osmo_vastra_glesbygd,2008,35
6240540_osmo_vastra_glesbygd,2009,30
6240540_osmo_vastra_glesbygd,2010,33
6240540_osmo_vastra_glesbygd,2011,33
6240540_osmo_vastra_glesbygd,2012,35
6240540_osmo_vastra_glesbygd,2013,42
6240540_osmo_vastra_glesbygd,2014,46
6240550_osmo_norra_glesbygd,2000,3
6240550_osmo_norra_glesbygd,2001,5
6240550_osmo_norra_glesbygd,2002,9
6240550_osmo_norra_glesbygd,2003,6
6240550_osmo_norra_glesbygd,2004,16
6240550_osmo_norra_glesbygd,2005,27
6240550_osmo_norra_glesbygd,2006,44
6240550_osmo_norra_glesbygd,2007,63
6240550_osmo_norra_glesbygd,2008,73
6240550_osmo_norra_glesbygd,2009,91
6240550_osmo_norra_glesbygd,2010,101
6240550_osmo_norra_glesbygd,2011,116
6240550_osmo_norra_glesbygd,2012,124
6240550_osmo_norra_glesbygd,2013,134
6240550_osmo_norra_glesbygd,2014,144
3720720_filmstaden,2003,20
3720720_filmstaden,2004,64
3720720_filmstaden,2005,125
3720720_filmstaden,2006,199
3720720_filmstaden,2007,280
3720720_filmstaden,2008,379
3720720_filmstaden,2009,430
3720720_filmstaden,2010,454
3720720_filmstaden,2011,460
3720720_filmstaden,2012,487
3720720_filmstaden,2013,466
3720720_filmstaden,2014,468
3710110_jarvafaltet_jarvastaden_norra_jarvastaden_sodra_jarvastaden_ostra,2010,54
3710110_jarvafaltet_jarvastaden_norra_jarvastaden_sodra_jarvastaden_ostra,2011,174
3710110_jarvafaltet_jarvastaden_norra_jarvastaden_sodra_jarvastaden_ostra,2012,334
3710110_jarvafaltet_jarvastaden_norra_jarvastaden_sodra_jarvastaden_ostra,2013,471
3710110_jarvafaltet_jarvastaden_norra_jarvastaden_sodra_jarvastaden_ostra,2014,619
3810821_kymlinge_brotorp_stora_ursvik_norra,2010,60
3810821_kymlinge_brotorp_stora_ursvik_norra,2011,78
3810821_kymlinge_brotorp_stora_ursvik_norra,2012,164
3810821_kymlinge_brotorp_stora_ursvik_norra,2013,196
3810821_kymlinge_brotorp_stora_ursvik_norra,2014,204
4010120_skallsta_vastra_raby_garde,2010,1
4010120_skallsta_vastra_raby_garde,2011,4
4010120_skallsta_vastra_raby_garde,2012,7
4010120_skallsta_vastra_raby_garde,2013,8
4010120_skallsta_vastra_raby_garde,2014,18
1120132_norra_bantorget_v,2010,19
1120132_norra_bantorget_v,2011,19
1120132_norra_bantorget_v,2012,15
1120132_norra_bantorget_v,2013,16
1120132_norra_bantorget_v,2014,20
1320330_lindhagensplan,2010,50
1320330_lindhagensplan,2011,50
1320330_lindhagensplan,2012,49
1320330_lindhagensplan,2013,49
1320330_lindhagensplan,2014,54
3710150_bangarden_nationalarenan,2014,92
1010120_skeppsbron,2015,9
1010120_skeppsbron,2016,3
1010120_skeppsbron,2017,11
1010130_munkbron,2015,32
1010130_munkbron,2016,42
1010130_munkbron,2017,39
1010140_stortorget,2015,-28
1010140_stortorget,2016,-34
1010140_stortorget,2017,-24
1010201_centralstationen_n,2015,-87
1010201_centralstationen_n,2016,-79
1010201_centralstationen_n,2017,-68
1010220_klara_kyrka,2015,34
1010220_klara_kyrka,2016,31
1010220_klara_kyrka,2017,26
1010230_centralposten,2015,38
1010230_centralposten,2016,38
1010230_centralposten,2017,46
1010240_oscarsteatern,2015,-42
1010240_oscarsteatern,2016,-35
1010240_oscarsteatern,2017,-30
1010250_brunkeberg,2015,-7
1010250_brunkeberg,2016,-10
1010250_brunkeberg,2017,-8
1010290_oxtorget,2015,10
1010290_oxtorget,2016,14
1010290_oxtorget,2017,15
1010310_norrlandsgatan,2015,12
1010310_norrlandsgatan,2016,19
1010310_norrlandsgatan,2017,23
1110111_brunnsgatan_n,2015,-26
1110111_brunnsgatan_n,2016,-23
1110111_brunnsgatan_n,2017,-20
1110112_brunnsgatan_s,2015,30
1110112_brunnsgatan_s,2016,28
1110112_brunnsgatan_s,2017,28
1110120_johannes_kyrka,2015,63
1110120_johannes_kyrka,2016,87
1110120_johannes_kyrka,2017,93
1110210_wenner_gren_center,2015,-60
1110210_wenner_gren_center,2016,-55
1110210_wenner_gren_center,2017,-30
1110220_vanadislunden,2015,-22
1110220_vanadislunden,2016,22
1110220_vanadislunden,2017,99
1110230_surbrunnsomradet,2015,58
1110230_surbrunnsomradet,2016,84
1110230_surbrunnsomradet,2017,92
1110240_norra_real,2015,46
1110240_norra_real,2016,53
1110240_norra_real,2017,61
1110250_elverket,2015,5
1110250_elverket,2016,6
1110250_elverket,2017,3
1120110_tegnerlunden,2015,4
1120110_tegnerlunden,2016,25
1120110_tegnerlunden,2017,39
1120120_tandlakarhogskolan,2015,-116
1120120_tandlakarhogskolan,2016,-111
1120120_tandlakarhogskolan,2017,-102
1120131_norra_bantorget_o,2015,76
1120131_norra_bantorget_o,2016,89
1120131_norra_bantorget_o,2017,95
1120132_norra_bantorget_v,2015,22
1120132_norra_bantorget_v,2016,27
1120132_norra_bantorget_v,2017,31
1120140_adolf_fredriks_kyrka,2015,46
1120140_adolf_fredriks_kyrka,2016,51
1120140_adolf_fredriks_kyrka,2017,45
1120150_skandiahuset,2015,18
1120150_skandiahuset,2016,16
1120150_skandiahuset,2017,28
1120210_kungssten,2015,17
1120210_kungssten,2016,25
1120210_kungssten,2017,43
1120220_saltmatargatan,2015,9
1120220_saltmatargatan,2016,4
1120220_saltmatargatan,2017,11
1120230_sjokatten,2015,35
1120230_sjokatten,2016,53
1120230_sjokatten,2017,71
1130110_atlasomradet,2015,-1
1130110_atlasomradet,2016,11
1130110_atlasomradet,2017,33
1130120_gustav_vasa_kyrka,2015,134
1130120_gustav_vasa_kyrka,2016,175
1130120_gustav_vasa_kyrka,2017,202
1130130_observatoriegatan,2015,86
1130130_observatoriegatan,2016,98
1130130_observatoriegatan,2017,110
1130140_sabbatsberg,2015,302
1130140_sabbatsberg,2016,308
1130140_sabbatsberg,2017,302
1130150_polstjarnan,2015,-9
1130150_polstjarnan,2016,10
1130150_polstjarnan,2017,13
1130170_betlehemskyrkan,2015,-46
1130170_betlehemskyrkan,2016,-21
1130170_betlehemskyrkan,2017,-5
1140110_norrtull,2015,-4
1140110_norrtull,2016,-3
1140110_norrtull,2017,1
1140120_tre_liljor,2015,177
1140120_tre_liljor,2016,241
1140120_tre_liljor,2017,273
1140130_matteuskyrka,2015,167
1140130_matteuskyrka,2016,196
1140130_matteuskyrka,2017,199
1140140_halsingehojden,2015,177
1140140_halsingehojden,2016,189
1140140_halsingehojden,2017,197
1140150_centralgaraget,2015,55
1140150_centralgaraget,2016,67
1140150_centralgaraget,2017,83
1140210_norra_station_1_norra_station_2,2015,-21
1140210_norra_station_1_norra_station_2,2016,-15
1140210_norra_station_1_norra_station_2,2017,-2
1140220_birkagarden,2015,-861
1140220_birkagarden,2016,-856
1140220_birkagarden,2017,-889
1140230_rorstrand,2015,147
1140230_rorstrand,2016,225
1140230_rorstrand,2017,254
1140240_rodaberget,2015,-29
1140240_rodaberget,2016,-24
1140240_rodaberget,2017,18
1140250_s_t_eriksplan,2015,22
1140250_s_t_eriksplan,2016,51
1140250_s_t_eriksplan,2017,61
1210110_roslagstull,2015,32
1210110_roslagstull,2016,58
1210110_roslagstull,2017,50
1210120_larkstaden,2015,56
1210120_larkstaden,2016,72
1210120_larkstaden,2017,91
1210131_danderydsplan_v,2015,105
1210131_danderydsplan_v,2016,115
1210131_danderydsplan_v,2017,128
1210132_danderydsplan_o,2015,99
1210132_danderydsplan_o,2016,102
1210132_danderydsplan_o,2017,106
1210140_eriksberg,2015,88
1210140_eriksberg,2016,101
1210140_eriksberg,2017,115
1210151_stureplan_o,2015,-24
1210151_stureplan_o,2016,-23
1210151_stureplan_o,2017,-20
1210161_humlegarden_o,2015,12
1210161_humlegarden_o,2016,14
1210161_humlegarden_o,2017,14
1210171_stureparken_o,2015,45
1210171_stureparken_o,2016,47
1210171_stureparken_o,2017,55
1210172_stureparken_v,2015,80
1210172_stureparken_v,2016,87
1210172_stureparken_v,2017,93
1210210_roslagstulls_sjukhus,2015,-359
1210210_roslagstulls_sjukhus,2016,-361
1210210_roslagstulls_sjukhus,2017,-370
1210220_ostra_station,2015,-1210
1210220_ostra_station,2016,-1239
1210220_ostra_station,2017,-1235
1210320_ekhagen,2015,-2772
1210320_ekhagen,2016,-2801
1210320_ekhagen,2017,-2817
1210330_frescati,2015,-45
1210330_frescati,2016,-40
1210330_frescati,2017,-37
1210410_centrala_hjorthagen,2015,-7
1210410_centrala_hjorthagen,2016,37
1210410_centrala_hjorthagen,2017,59
1220110_ostermalmshallen,2015,-28
1220110_ostermalmshallen,2016,-27
1220110_ostermalmshallen,2017,-27
1220120_dramatiska_teatern,2015,30
1220120_dramatiska_teatern,2016,29
1220120_dramatiska_teatern,2017,35
1220130_ostermalmstorg,2015,24
1220130_ostermalmstorg,2016,53
1220130_ostermalmstorg,2017,79
1220140_skvalberget,2015,-34
1220140_skvalberget,2016,-23
1220140_skvalberget,2017,-14
1220150_tyskbagaromradet,2015,-52
1220150_tyskbagaromradet,2016,-6
1220150_tyskbagaromradet,2017,20
1220160_hedvig_eleonora_kyrka,2015,8
1220160_hedvig_eleonora_kyrka,2016,21
1220160_hedvig_eleonora_kyrka,2017,39
1220170_kronkvarnen,2015,8
1220170_kronkvarnen,2016,8
1220170_kronkvarnen,2017,21
1230110_karlaplan,2015,19
1230110_karlaplan,2016,32
1230110_karlaplan,2017,40
1230120_historiska_musuet,2015,38
1230120_historiska_musuet,2016,69
1230120_historiska_musuet,2017,78
1230130_strandvagen,2015,19
1230130_strandvagen,2016,51
1230130_strandvagen,2017,88
1230140_oscarskyrkan,2015,97
1230140_oscarskyrkan,2016,113
1230140_oscarskyrkan,2017,126
1230161_gustav_adolfskyrkan_v,2015,85
1230161_gustav_adolfskyrkan_v,2016,92
1230161_gustav_adolfskyrkan_v,2017,101
1230162_gustav_adolfskyrkan_o,2015,98
1230162_gustav_adolfskyrkan_o,2016,116
1230162_gustav_adolfskyrkan_o,2017,128
1230210_djurgardsstaden,2015,15
1230210_djurgardsstaden,2016,22
1230210_djurgardsstaden,2017,17
1230220_sodra_djurgarden,2015,8
1230220_sodra_djurgarden,2016,10
1230220_sodra_djurgarden,2017,12
1230300_hastgardet,2015,-34
1230300_hastgardet,2016,-15
1230300_hastgardet,2017,9
1230310_olaus_petri_kyrka,2015,13
1230310_olaus_petri_kyrka,2016,34
1230310_olaus_petri_kyrka,2017,86
1230320_tessinparken,2015,101
1230320_tessinparken,2016,128
1230320_tessinparken,2017,170
1230330_smedsbacken,2015,-1030
1230330_smedsbacken,2016,-977
1230330_smedsbacken,2017,-950
1230350_kampementsbacken,2015,-256
1230350_kampementsbacken,2016,-241
1230350_kampementsbacken,2017,-259
1230360_oregrundsgatan,2015,-211
1230360_oregrundsgatan,2016,-203
1230360_oregrundsgatan,2017,-206
1230390_ladugardsgardet,2015,-1
1230390_ladugardsgardet,2016,-3
1230390_ladugardsgardet,2017,-2
1310100_stadshuset,2016,17
1310110_eira,2015,205
1310110_eira,2016,213
1310110_eira,2017,257
1310120_kungsklippan,2015,63
1310120_kungsklippan,2016,118
1310120_kungsklippan,2017,145
1310130_kungsbroplan,2015,217
1310130_kungsbroplan,2016,225
1310130_kungsbroplan,2017,223
1310140_tekniska_namndhuset,2015,34
1310140_tekniska_namndhuset,2016,34
1310140_tekniska_namndhuset,2017,36
1310150_landstingshuset,2015,61
1310150_landstingshuset,2016,78
1310150_landstingshuset,2017,91
1310160_pontonjarparken,2015,29
1310160_pontonjarparken,2016,44
1310160_pontonjarparken,2017,90
1310170_s_t_eriks_sjukhus,2015,31
1310170_s_t_eriks_sjukhus,2016,34
1310170_s_t_eriks_sjukhus,2017,31
1310180_wargentinsgatan,2015,102
1310180_wargentinsgatan,2016,120
1310180_wargentinsgatan,2017,155
1310190_kronoberg,2015,117
1310190_kronoberg,2016,130
1310190_kronoberg,2017,150
1320110_karlsvik,2015,71
1320110_karlsvik,2016,77
1320110_karlsvik,2017,104
1320120_hemmet,2015,208
1320120_hemmet,2016,222
1320120_hemmet,2017,221
1320130_fridhemsplan,2015,124
1320130_fridhemsplan,2016,112
1320130_fridhemsplan,2017,131
1320140_s_t_eriksgatan,2015,74
1320140_s_t_eriksgatan,2016,137
1320140_s_t_eriksgatan,2017,187
1320150_alstromergatan,2015,2
1320150_alstromergatan,2016,78
1320150_alstromergatan,2017,161
1320210_ralambshov,2015,105
1320210_ralambshov,2016,97
1320210_ralambshov,2017,75
1320220_svedbergsplan,2015,67
1320220_svedbergsplan,2016,62
1320220_svedbergsplan,2017,72
1320240_mariebergsparken,2015,52
1320240_mariebergsparken,2016,70
1320240_mariebergsparken,2017,78
1320310_ostra_stadshagen,2015,-157
1320310_ostra_stadshagen,2016,-133
1320310_ostra_stadshagen,2017,-147
1320330_lindhagensplan,2015,58
1320330_lindhagensplan,2016,56
1320330_lindhagensplan,2017,53
1320410_vastra_kristineberg,2015,-43
1320410_vastra_kristineberg,2016,16
1320410_vastra_kristineberg,2017,28
1320420_thorildsplan,2015,-96
1320420_thorildsplan,2016,-58
1320420_thorildsplan,2017,-16
1320500_fredhall,2015,-110
1320500_fredhall,2016,-65
1320500_fredhall,2017,-11
1330100_lilla_essingen,2015,412
1330100_lilla_essingen,2016,471
1330100_lilla_essingen,2017,485
1330200_stora_essingen,2015,33
1330200_stora_essingen,2016,43
1330200_stora_essingen,2017,76
1410110_mariaberget,2015,-34
1410110_mariaberget,2016,-12
1410110_mariaberget,2017,36
1410120_maria_kyrka,2015,-10
1410120_maria_kyrka,2016,2
1410120_maria_kyrka,2017,16
1410130_swedenborgsgatan,2015,46
1410130_swedenborgsgatan,2016,67
1410130_swedenborgsgatan,2017,97
1410140_gullfjardsplan,2015,37
1410140_gullfjardsplan,2016,55
1410140_gullfjardsplan,2017,50
1410150_bergsgruvan,2015,29
1410150_bergsgruvan,2016,46
1410150_bergsgruvan,2017,41
1410210_sodra_station_vast,2015,102
1410210_sodra_station_vast,2016,118
1410210_sodra_station_vast,2017,122
1410220_sodra_station_ost,2015,35
1410220_sodra_station_ost,2016,45
1410220_sodra_station_ost,2017,56
1420110_hogalidskyrkan,2015,78
1420110_hogalidskyrkan,2016,93
1420110_hogalidskyrkan,2017,125
1420120_skinnarviksringen,2015,-49
1420120_skinnarviksringen,2016,-31
1420120_skinnarviksringen,2017,-17
1420130_ludvigsberg,2015,97
1420130_ludvigsberg,2016,104
1420130_ludvigsberg,2017,115
1420140_bergsund,2015,-219
1420140_bergsund,2016,-131
1420140_bergsund,2017,-55
1420210_hornstull,2015,249
1420210_hornstull,2016,284
1420210_hornstull,2017,308
1420220_bysistappan,2015,86
1420220_bysistappan,2016,97
1420220_bysistappan,2017,110
1420230_sodra_namndhuset,2015,-18
1420230_sodra_namndhuset,2016,-9
1420230_sodra_namndhuset,2017,10
1420240_zinkensdamm,2015,48
1420240_zinkensdamm,2016,56
1420240_zinkensdamm,2017,68
1420310_sodersjukhuset,2015,-85
1420310_sodersjukhuset,2016,-80
1420310_sodersjukhuset,2017,-66
1420320_tanto,2015,100
1420320_tanto,2016,107
1420320_tanto,2017,109
1420330_skoldgatan_syd,2015,-39
1420330_skoldgatan_syd,2016,-36
1420330_skoldgatan_syd,2017,-36
1420360_skoldgatan_nord,2015,13
1420360_skoldgatan_nord,2016,18
1420360_skoldgatan_nord,2017,24
1420410_langholmen,2016,4
1420420_reimersholme,2015,166
1420420_reimersholme,2016,171
1420420_reimersholme,2017,179
1430120_vastra_aso,2015,22
1430120_vastra_aso,2016,35
1430120_vastra_aso,2017,28
1430130_blekingetappan,2015,39
1430130_blekingetappan,2016,69
1430130_blekingetappan,2017,89
1430140_helgalunden,2015,28
1430140_helgalunden,2016,68
1430140_helgalunden,2017,134
1430150_eriksdal,2015,-28
1430150_eriksdal,2016,-28
1430150_eriksdal,2017,10
1430160_asotorget,2015,-45
1430160_asotorget,2016,-45
1430160_asotorget,2017,-37
1430180_rosenlund,2015,63
1430180_rosenlund,2016,62
1430180_rosenlund,2017,58
1430210_mosebacke,2015,-15
1430210_mosebacke,2016,-11
1430210_mosebacke,2017,1
1430220_ostra_aso,2015,-40
1430220_ostra_aso,2016,27
1430220_ostra_aso,2017,58
1430230_katarina_kyrka,2015,23
1430230_katarina_kyrka,2016,35
1430230_katarina_kyrka,2017,46
1430240_bjurholmsplan,2015,-81
1430240_bjurholmsplan,2016,-34
1430240_bjurholmsplan,2017,36
1430250_nytorget,2015,-25
1430250_nytorget,2016,5
1430250_nytorget,2017,28
1440110_ersta,2015,-75
1440110_ersta,2016,-89
1440110_ersta,2017,-95
1440120_sofia_kyrka,2015,-17
1440120_sofia_kyrka,2016,17
1440120_sofia_kyrka,2017,72
1440210_tullgarden,2015,-21
1440210_tullgarden,2016,-29
1440210_tullgarden,2017,-20
1440220_vita_bergen,2015,81
1440220_vita_bergen,2016,100
1440220_vita_bergen,2017,121
1440230_blecktornet,2015,6
1440230_blecktornet,2016,21
1440230_blecktornet,2017,35
1440240_vintertullen,2015,75
1440240_vintertullen,2016,92
1440240_vintertullen,2017,80
1440250_barnangen,2015,300
1440250_barnangen,2016,303
1440250_barnangen,2017,293
1440260_mjardgrand,2015,26
1440260_mjardgrand,2016,30
1440260_mjardgrand,2017,27
1440311_danviken_n,2015,530
1440311_danviken_n,2016,535
1440311_danviken_n,2017,523
1440312_danviken_s,2015,1253
1440312_danviken_s,2016,1190
1440312_danviken_s,2017,1140
2110120_sankt_sigfrid,2015,192
2110120_sankt_sigfrid,2016,218
2110120_sankt_sigfrid,2017,232
2110130_ornsberg_nord_ost,2015,88
2110130_ornsberg_nord_ost,2016,100
2110130_ornsberg_nord_ost,2017,102
2110140_vinterviken,2015,110
2110140_vinterviken,2016,119
2110140_vinterviken,2017,113
2110150_ornsberg_syd_ost,2015,11
2110150_ornsberg_syd_ost,2016,7
2110150_ornsberg_syd_ost,2017,6
2110220_ostra_grondal,2015,410
2110220_ostra_grondal,2016,452
2110220_ostra_grondal,2017,485
2110230_ekensberg,2015,108
2110230_ekensberg,2016,106
2110230_ekensberg,2017,103
2110310_axelsbergs_torg,2015,5
2110310_axelsbergs_torg,2016,12
2110310_axelsbergs_torg,2017,15
2110320_klubbacken,2015,-1
2110320_klubbacken,2016,-17
2110320_klubbacken,2017,-14
2110330_axelsberg_syd_ost,2015,118
2110330_axelsberg_syd_ost,2016,116
2110330_axelsberg_syd_ost,2017,110
2110340_stensborg,2015,80
2110340_stensborg,2016,78
2110340_stensborg,2017,82
2110350_sankt_mickelsgatan,2015,186
2110350_sankt_mickelsgatan,2016,182
2110350_sankt_mickelsgatan,2017,189
2110370_ornsberg_syd_vast,2015,-30
2110370_ornsberg_syd_vast,2016,-38
2110370_ornsberg_syd_vast,2017,-34
2110380_hagerstenshamnen,2015,58
2110380_hagerstenshamnen,2016,59
2110380_hagerstenshamnen,2017,58
2110390_axelsberg_nord,2015,53
2110390_axelsberg_nord,2016,63
2110390_axelsberg_nord,2017,84
2110520_norra_hagerstensasen,2015,-59
2110520_norra_hagerstensasen,2016,-37
2110520_norra_hagerstensasen,2017,-35
2110530_sodra_hagerstensasen,2015,-79
2110530_sodra_hagerstensasen,2016,-48
2110530_sodra_hagerstensasen,2017,-22
2110620_nybohov,2015,115
2110620_nybohov,2016,136
2110620_nybohov,2017,150
2110650_liljeholmsberget,2015,49
2110650_liljeholmsberget,2016,55
2110650_liljeholmsberget,2017,55
2110660_lovholmen,2015,380
2110660_lovholmen,2016,409
2110660_lovholmen,2017,434
2110681_nyboda_o,2015,1805
2110681_nyboda_o,2016,1832
2110681_nyboda_o,2017,1855
2110720_svandammen,2015,10
2110720_svandammen,2016,59
2110720_svandammen,2017,82
2110730_fastlagsvagen,2015,194
2110730_fastlagsvagen,2016,203
2110730_fastlagsvagen,2017,190
2110740_telefonplan,2015,9
2110740_telefonplan,2016,12
2110740_telefonplan,2017,14
2110810_norra_malarhojden,2015,346
2110810_norra_malarhojden,2016,350
2110810_norra_malarhojden,2017,374
2110820_gulddragaren,2015,11
2110820_gulddragaren,2016,9
2110820_gulddragaren,2017,9
2110920_karusellvagen,2015,-75
2110920_karusellvagen,2016,-70
2110920_karusellvagen,2017,-58
2110930_korpmossen,2015,80
2110930_korpmossen,2016,80
2110930_korpmossen,2017,87
2110940_hokmossen,2015,-102
2110940_hokmossen,2016,-75
2110940_hokmossen,2017,-48
2120100_fruangen,2015,363
2120100_fruangen,2016,383
2120100_fruangen,2017,401
2120201_herrangen_v,2015,270
2120201_herrangen_v,2016,269
2120201_herrangen_v,2017,279
2120202_herrangen_o,2015,144
2120202_herrangen_o,2016,147
2120202_herrangen_o,2017,148
2120300_liseberg,2015,37
2120300_liseberg,2016,40
2120300_liseberg,2017,52
2120401_langbro_v,2015,584
2120401_langbro_v,2016,570
2120401_langbro_v,2017,553
2120402_langbro_o,2015,292
2120402_langbro_o,2016,291
2120402_langbro_o,2017,284
2120500_langsjo,2015,257
2120500_langsjo,2016,265
2120500_langsjo,2017,283
2120620_norra_solberga,2015,113
2120620_norra_solberga,2016,106
2120620_norra_solberga,2017,143
2120630_vastra_solberga,2015,4
2120630_vastra_solberga,2016,40
2120630_vastra_solberga,2017,49
2120660_sodra_solberga,2015,317
2120660_sodra_solberga,2016,311
2120660_sodra_solberga,2017,341
2120700_vastertorp,2015,283
2120700_vastertorp,2016,290
2120700_vastertorp,2017,295
2120820_vastra_alvsjo,2015,70
2120820_vastra_alvsjo,2016,70
2120820_vastra_alvsjo,2017,78
2120900_orby_slott,2015,58
2120900_orby_slott,2016,59
2120900_orby_slott,2017,56
2121020_ostbergahojden_ostbergavagen,2015,49
2121020_ostbergahojden_ostbergavagen,2016,63
2121020_ostbergahojden_ostbergavagen,2017,77
2130100_bandhagen,2015,-61
2130100_bandhagen,2016,-46
2130100_bandhagen,2017,-20
2130210_hogdalens_centrum,2015,55
2130210_hogdalens_centrum,2016,63
2130210_hogdalens_centrum,2017,87
2130220_ostra_hogdalen,2015,-14
2130220_ostra_hogdalen,2016,-18
2130220_ostra_hogdalen,2017,-5
2130230_vastra_hogdalen,2015,32
2130230_vastra_hogdalen,2016,36
2130230_vastra_hogdalen,2017,35
2130240_skebokvarnsvagen,2015,-81
2130240_skebokvarnsvagen,2016,-86
2130240_skebokvarnsvagen,2017,-73
2130320_ragsveds_torg,2015,-97
2130320_ragsveds_torg,2016,-85
2130320_ragsveds_torg,2017,-81
2130330_bjursatra,2015,-167
2130330_bjursatra,2016,-165
2130330_bjursatra,2017,-166
2130340_snosatra,2015,-8
2130340_snosatra,2016,4
2130340_snosatra,2017,8
2130420_backaskiftsvagen,2015,97
2130420_backaskiftsvagen,2016,119
2130420_backaskiftsvagen,2017,114
2130430_ostra_stureby,2015,232
2130430_ostra_stureby,2016,249
2130430_ostra_stureby,2017,261
2130440_vastra_stureby,2015,126
2130440_vastra_stureby,2016,119
2130440_vastra_stureby,2017,152
2130501_orby_n,2015,-60
2130501_orby_n,2016,-63
2130501_orby_n,2017,-58
2130502_orby_s,2015,329
2130502_orby_s,2016,328
2130502_orby_s,2017,337
2130620_hagsatra_torg,2015,-140
2130620_hagsatra_torg,2016,-132
2130620_hagsatra_torg,2017,-105
2130630_ormkarr,2015,38
2130630_ormkarr,2016,56
2130630_ormkarr,2017,72
2140120_ostra_enskedefaltet,2015,54
2140120_ostra_enskedefaltet,2016,55
2140120_ostra_enskedefaltet,2017,55
2140210_vastra_enskede_gard,2015,77
2140210_vastra_enskede_gard,2016,79
2140210_vastra_enskede_gard,2017,78
2140220_tradskolan,2015,10
2140220_tradskolan,2016,9
2140220_tradskolan,2017,8
2140320_enskede_kyrka,2015,79
2140320_enskede_kyrka,2016,87
2140320_enskede_kyrka,2017,107
2140330_svampvagen,2015,91
2140330_svampvagen,2016,97
2140330_svampvagen,2017,89
2140340_sandsborg,2015,-52
2140340_sandsborg,2016,-53
2140340_sandsborg,2017,-42
2140350_dalen,2015,58
2140350_dalen,2016,66
2140350_dalen,2017,80
2140620_gullmarsplan,2015,-81
2140620_gullmarsplan,2016,-44
2140620_gullmarsplan,2017,-8
2140630_skarmarbrink,2015,-254
2140630_skarmarbrink,2016,-222
2140630_skarmarbrink,2017,-211
2140820_skanskvarn,2015,322
2140820_skanskvarn,2016,319
2140820_skanskvarn,2017,350
2140830_arsta_centrum,2015,370
2140830_arsta_centrum,2016,415
2140830_arsta_centrum,2017,478
2140840_arsta_gard,2015,271
2140840_arsta_gard,2016,299
2140840_arsta_gard,2017,293
2140850_valla_garde,2015,168
2140850_valla_garde,2016,177
2140850_valla_garde,2017,185
2150100_bjorkhagen,2015,408
2150100_bjorkhagen,2016,445
2150100_bjorkhagen,2017,464
2150200_enskededalen,2015,213
2150200_enskededalen,2016,221
2150200_enskededalen,2017,221
2150400_hammarbyhojden,2015,271
2150400_hammarbyhojden,2016,330
2150400_hammarbyhojden,2017,412
2150500_karrtorp,2015,356
2150500_karrtorp,2016,347
2150500_karrtorp,2017,358
2150720_pungpinan,2015,258
2150720_pungpinan,2016,271
2150720_pungpinan,2017,265
2150731_skarpnacksfaltet_o,2015,93
2150731_skarpnacksfaltet_o,2016,109
2150731_skarpnacksfaltet_o,2017,103
2150732_skarpnacksfaltet_v,2015,-119
2150732_skarpnacksfaltet_v,2016,-128
2150732_skarpnacksfaltet_v,2017,-130
2150740_skarpa_by,2015,15
2150740_skarpa_by,2016,14
2150820_lagaplan,2015,387
2150820_lagaplan,2016,410
2150820_lagaplan,2017,463
2150830_sodra_bagarmossen,2015,143
2150830_sodra_bagarmossen,2016,143
2150830_sodra_bagarmossen,2017,144
2150840_norra_bagarmossen,2015,-10
2150840_norra_bagarmossen,2016,-17
2150840_norra_bagarmossen,2017,-22
2160120_havsornstorget,2015,-72
2160120_havsornstorget,2016,-71
2160120_havsornstorget,2017,-73
2160130_fagersjovagen,2015,63
2160130_fagersjovagen,2016,62
2160130_fagersjovagen,2017,69
2160220_sodra_farsta,2015,26
2160220_sodra_farsta,2016,56
2160220_sodra_farsta,2017,47
2160230_vastra_farsta,2015,194
2160230_vastra_farsta,2016,200
2160230_vastra_farsta,2017,199
2160240_ostra_farsta,2015,186
2160240_ostra_farsta,2016,188
2160240_ostra_farsta,2017,195
2160260_norra_farsta,2015,62
2160260_norra_farsta,2016,67
2160260_norra_farsta,2017,59
2160320_ullerudsbacken,2015,-96
2160320_ullerudsbacken,2016,-95
2160320_ullerudsbacken,2017,-98
2160330_farsta_gard,2015,78
2160330_farsta_gard,2016,78
2160330_farsta_gard,2017,75
2160520_gubbangstorget,2015,4
2160520_gubbangstorget,2016,18
2160520_gubbangstorget,2017,52
2160530_gubbangens_gard,2015,43
2160530_gubbangens_gard,2016,48
2160530_gubbangens_gard,2017,54
2160620_vastra_hokarangen,2015,52
2160620_vastra_hokarangen,2016,57
2160620_vastra_hokarangen,2017,64
2160630_sondagsvagen,2015,-6
2160630_sondagsvagen,2016,-10
2160630_sondagsvagen,2017,-18
2160640_lingvagen,2015,14
2160640_lingvagen,2016,20
2160640_lingvagen,2017,16
2160720_vastra_larsboda,2015,137
2160720_vastra_larsboda,2016,139
2160720_vastra_larsboda,2017,150
2160760_ostra_larsboda,2015,10
2160760_ostra_larsboda,2016,24
2160760_ostra_larsboda,2017,28
2160820_bagarfruvagen,2015,38
2160820_bagarfruvagen,2016,42
2160820_bagarfruvagen,2017,45
2160830_vastra_skondal,2015,114
2160830_vastra_skondal,2016,117
2160830_vastra_skondal,2017,118
2160840_norra_skondal,2015,29
2160840_norra_skondal,2016,34
2160840_norra_skondal,2017,23
2160850_stora_skondal,2015,128
2160850_stora_skondal,2016,132
2160850_stora_skondal,2017,190
2160920_sodra_svedmyra,2015,-4
2160920_sodra_svedmyra,2016,11
2160920_sodra_svedmyra,2017,23
2160930_norra_svedmyra,2015,120
2160930_norra_svedmyra,2016,121
2160930_norra_svedmyra,2017,120
2161020_norra_tallkrogen,2015,20
2161020_norra_tallkrogen,2016,26
2161020_norra_tallkrogen,2017,37
2161030_sodra_tallkrogen,2015,208
2161030_sodra_tallkrogen,2016,195
2161030_sodra_tallkrogen,2017,198
2170120_bredangs_alle,2015,-174
2170120_bredangs_alle,2016,-145
2170120_bredangs_alle,2017,-107
2170130_yttre_bredang,2015,73
2170130_yttre_bredang,2016,110
2170130_yttre_bredang,2017,135
2170220_satra_torg,2015,-92
2170220_satra_torg,2016,-99
2170220_satra_torg,2017,-91
2170230_norra_satra,2015,30
2170230_norra_satra,2016,43
2170230_norra_satra,2017,49
2170310_skarholmens_centrum,2015,-43
2170310_skarholmens_centrum,2016,-44
2170310_skarholmens_centrum,2017,-31
2170321_skarholmens_gard,2015,-14
2170321_skarholmens_gard,2016,-2
2170321_skarholmens_gard,2017,-6
2170322_mellersta_skarholmen,2015,-130
2170322_mellersta_skarholmen,2016,-107
2170322_mellersta_skarholmen,2017,-99
2170330_sodra_skarholmen,2015,-18
2170330_sodra_skarholmen,2016,-16
2170330_sodra_skarholmen,2017,-14
2170420_ostra_varberg,2015,-303
2170420_ostra_varberg,2016,-330
2170420_ostra_varberg,2017,-324
2170430_vastra_varberg,2015,27
2170430_vastra_varberg,2016,31
2170430_vastra_varberg,2017,17
2210120_norra_abrahamsberg,2015,-82
2210120_norra_abrahamsberg,2016,-59
2210120_norra_abrahamsberg,2017,-57
2210130_sodra_abrahamsberg,2015,-72
2210130_sodra_abrahamsberg,2016,-75
2210130_sodra_abrahamsberg,2017,-75
2210200_beckomberga,2015,410
2210200_beckomberga,2016,425
2210200_beckomberga,2017,485
2210300_blackeberg,2015,407
2210300_blackeberg,2016,442
2210300_blackeberg,2017,469
2210400_bromma_kyrka,2015,208
2210400_bromma_kyrka,2016,210
2210400_bromma_kyrka,2017,216
2210500_ballsta,2015,26
2210500_ballsta,2016,29
2210500_ballsta,2017,27
2210600_eneby,2015,50
2210600_eneby,2016,49
2210600_eneby,2017,50
2210700_mariehall,2015,1265
2210700_mariehall,2016,1301
2210700_mariehall,2017,1393
2210830_runstensplan,2015,182
2210830_runstensplan,2016,190
2210830_runstensplan,2017,190
2210840_angbylunden,2015,187
2210840_angbylunden,2016,196
2210840_angbylunden,2017,203
2210850_attehagen,2015,116
2210850_attehagen,2016,123
2210850_attehagen,2017,122
2210860_akeshovsbadet,2015,-309
2210860_akeshovsbadet,2016,-298
2210860_akeshovsbadet,2017,-307
2210920_sodra_riksby,2015,-145
2210920_sodra_riksby,2016,-113
2210920_sodra_riksby,2017,-32
2211121_farjestadsvagen_v,2015,71
2211121_farjestadsvagen_v,2016,79
2211121_farjestadsvagen_v,2017,82
2211130_angbyhojden,2015,64
2211130_angbyhojden,2016,66
2211130_angbyhojden,2017,67
2211220_johannesfred,2015,-150
2211220_johannesfred,2016,-130
2211220_johannesfred,2017,-114
2211300_akeshov,2015,-60
2211300_akeshov,2016,-54
2211300_akeshov,2017,-21
2211420_ostra_akeslund,2015,37
2211420_ostra_akeslund,2016,30
2211420_ostra_akeslund,2017,46
2211460_vastra_akeslund,2015,-21
2211460_vastra_akeslund,2016,-26
2211460_vastra_akeslund,2017,-10
2220100_alvik,2015,67
2220100_alvik,2016,82
2220100_alvik,2017,94
2220200_hoglandet,2015,103
2220200_hoglandet,2016,111
2220200_hoglandet,2017,114
2220300_nockeby,2015,74
2220300_nockeby,2016,95
2220300_nockeby,2017,102
2220400_nockebyhov,2015,33
2220400_nockebyhov,2016,56
2220400_nockebyhov,2017,99
2220500_olovslund,2015,58
2220500_olovslund,2016,59
2220500_olovslund,2017,63
2220600_smedslatten,2015,130
2220600_smedslatten,2016,140
2220600_smedslatten,2017,153
2220700_stora_mossen,2015,160
2220700_stora_mossen,2016,164
2220700_stora_mossen,2017,169
2220820_sodra_traneberg,2015,-80
2220820_sodra_traneberg,2016,-74
2220820_sodra_traneberg,2017,-38
2220830_norra_traneberg,2015,-57
2220830_norra_traneberg,2016,-55
2220830_norra_traneberg,2017,-57
2220840_minneberg,2015,71
2220840_minneberg,2016,67
2220840_minneberg,2017,67
2220900_ulvsunda,2015,-45
2220900_ulvsunda,2016,-34
2220900_ulvsunda,2017,-51
2221000_alsten,2015,205
2221000_alsten,2016,216
2221000_alsten,2017,225
2221100_appelviken,2015,86
2221100_appelviken,2016,94
2221100_appelviken,2017,102
2230100_grimsta,2015,-10
2230100_grimsta,2016,-21
2230100_grimsta,2017,-17
2230200_kalvesta,2015,79
2230200_kalvesta,2016,78
2230200_kalvesta,2017,70
2230300_nalsta,2015,189
2230300_nalsta,2016,193
2230300_nalsta,2017,199
2230420_vastra_racksta,2015,165
2230420_vastra_racksta,2016,169
2230420_vastra_racksta,2017,178
2230430_ostra_racksta,2015,87
2230430_ostra_racksta,2016,92
2230430_ostra_racksta,2017,104
2230440_racksta_sjukhus,2015,-31
2230440_racksta_sjukhus,2016,-28
2230440_racksta_sjukhus,2017,-35
2230520_norra_vinsta,2015,227
2230520_norra_vinsta,2016,212
2230520_norra_vinsta,2017,208
2230560_sodra_vinsta,2015,-27
2230560_sodra_vinsta,2016,-26
2230560_sodra_vinsta,2017,-27
2230610_vallingby_centrum,2015,11
2230610_vallingby_centrum,2016,14
2230610_vallingby_centrum,2017,15
2230620_sodra_vallingby,2015,-60
2230620_sodra_vallingby,2016,-42
2230620_sodra_vallingby,2017,-16
2230630_norra_vallingby,2015,175
2230630_norra_vallingby,2016,179
2230630_norra_vallingby,2017,180
2240121_sodra_bromsten_n,2015,24
2240121_sodra_bromsten_n,2016,22
2240121_sodra_bromsten_n,2017,17
2240122_sodra_bromsten_s,2015,64
2240122_sodra_bromsten_s,2016,64
2240122_sodra_bromsten_s,2017,61
2240130_norra_bromsten,2015,32
2240130_norra_bromsten,2016,48
2240130_norra_bromsten,2017,44
2240200_flysta,2015,100
2240200_flysta,2016,106
2240200_flysta,2017,106
2240520_norra_rinkeby_kvarnby_norra_rinkeby_askeby,2015,-576
2240520_norra_rinkeby_kvarnby_norra_rinkeby_askeby,2016,-574
2240520_norra_rinkeby_kvarnby_norra_rinkeby_askeby,2017,-563
2240530_sodra_rinkeby_knutby_sodra_rinkeby_bredby,2015,-202
2240530_sodra_rinkeby_knutby_sodra_rinkeby_bredby,2016,-215
2240530_sodra_rinkeby_knutby_sodra_rinkeby_bredby,2017,-220
2240621_solhojden,2015,28
2240621_solhojden,2016,34
2240621_solhojden,2017,44
2240622_spanga_torg,2015,-17
2240622_spanga_torg,2016,-14
2240622_spanga_torg,2017,-10
2240631_solhems_villastad_vast,2015,81
2240631_solhems_villastad_vast,2016,85
2240631_solhems_villastad_vast,2017,87
2240632_spanga_gymnasium,2015,203
2240632_spanga_gymnasium,2016,202
2240632_spanga_gymnasium,2017,209
2240640_solhems_villastad_nord,2015,15
2240640_solhems_villastad_nord,2016,27
2240640_solhems_villastad_nord,2017,28
2240650_logvagen_erland,2015,0
2240650_logvagen_erland,2016,3
2240650_logvagen_erland,2017,-4
2240700_sundby,2015,104
2240700_sundby,2016,118
2240700_sundby,2017,126
2240820_norra_tensta_spanga_kyrkvag_norra_tensta_tensta_alle,2015,-362
2240820_norra_tensta_spanga_kyrkvag_norra_tensta_tensta_alle,2016,-352
2240820_norra_tensta_spanga_kyrkvag_norra_tensta_tensta_alle,2017,-316
2240830_sodra_tensta_spanga_kyrka_sodra_tensta_tensta_kyrka,2015,-140
2240830_sodra_tensta_spanga_kyrka_sodra_tensta_tensta_kyrka,2016,-142
2240830_sodra_tensta_spanga_kyrka_sodra_tensta_tensta_kyrka,2017,-139
2240840_hjulsta,2015,-117
2240840_hjulsta,2016,-121
2240840_hjulsta,2017,-109
2250120_hasselby_torg,2015,-249
2250120_hasselby_torg,2016,-257
2250120_hasselby_torg,2017,-254
2250130_vastra_hasselby_gard,2015,62
2250130_vastra_hasselby_gard,2016,62
2250130_vastra_hasselby_gard,2017,50
2250140_sodra_hasselby_gard,2015,-145
2250140_sodra_hasselby_gard,2016,-141
2250140_sodra_hasselby_gard,2017,-131
2250200_hasselby_strand,2015,132
2250200_hasselby_strand,2016,156
2250200_hasselby_strand,2017,170
2250310_backlura,2015,42
2250310_backlura,2016,40
2250310_backlura,2017,44
2250320_trollboda,2015,136
2250320_trollboda,2016,158
2250320_trollboda,2017,182
2250332_hasselby_villastrand,2015,289
2250332_hasselby_villastrand,2016,290
2250332_hasselby_villastrand,2017,311
2250340_hasselby_kyrka,2015,41
2250340_hasselby_kyrka,2016,51
2250340_hasselby_kyrka,2017,50
2250350_akermyntan,2015,-18
2250350_akermyntan,2016,-17
2250350_akermyntan,2017,-16
2250370_radisvagen,2015,40
2250370_radisvagen,2016,36
2250370_radisvagen,2017,31
2250380_smedshagen,2015,-78
2250380_smedshagen,2016,-86
2250380_smedshagen,2017,-84
2260120_centrala_akalla,2015,-339
2260120_centrala_akalla,2016,-317
2260120_centrala_akalla,2017,-336
2260130_sodra_akalla,2015,-29
2260130_sodra_akalla,2016,-30
2260130_sodra_akalla,2017,-39
2260220_norra_husby,2015,-171
2260220_norra_husby,2016,-182
2260220_norra_husby,2017,-177
2260230_sodra_husby,2015,-1235
2260230_sodra_husby,2016,-1250
2260230_sodra_husby,2017,-1277
2260310_kista_centrum,2015,-282
2260310_kista_centrum,2016,-217
2260310_kista_centrum,2017,-233
2260320_ovre_kista,2015,-372
2260320_ovre_kista,2016,-366
2260320_ovre_kista,2017,-361
2260330_nedre_kista,2015,-236
2260330_nedre_kista,2016,-233
2260330_nedre_kista,2017,-221
3110110_ostra_enebyberg,2015,247
3110110_ostra_enebyberg,2016,257
3110110_ostra_enebyberg,2017,279
3110120_vastra_enebyberg,2015,205
3110120_vastra_enebyberg,2016,212
3110120_vastra_enebyberg,2017,218
3110260_satra,2015,171
3110260_satra,2016,182
3110260_satra,2017,198
3110270_nora,2015,138
3110270_nora,2016,151
3110270_nora,2017,159
3110280_klingsta,2015,76
3110280_klingsta,2016,85
3110280_klingsta,2017,103
3110330_morbyskogen,2015,52
3110330_morbyskogen,2016,68
3110330_morbyskogen,2017,71
3110340_kevinge,2015,-22
3110340_kevinge,2016,-5
3110340_kevinge,2017,-7
3110350_morby_centrum,2015,-62
3110350_morby_centrum,2016,-65
3110350_morby_centrum,2017,-35
3110370_morbylund,2015,-117
3110370_morbylund,2016,-93
3110370_morbylund,2017,-102
3110430_norra_djursholm,2015,5
3110430_norra_djursholm,2016,10
3110430_norra_djursholm,2017,38
3110440_sodra_djursholm,2015,31
3110440_sodra_djursholm,2016,39
3110440_sodra_djursholm,2017,30
3110450_osby,2015,28
3110450_osby,2016,36
3110450_osby,2017,36
3110460_ekeby,2015,77
3110460_ekeby,2016,99
3110460_ekeby,2017,126
3110510_norra_stocksund,2015,33
3110510_norra_stocksund,2016,39
3110510_norra_stocksund,2017,48
3110530_inverness,2015,-7
3110530_inverness,2016,-19
3110530_inverness,2017,-4
3110540_sodra_stocksund,2015,234
3110540_sodra_stocksund,2016,268
3110540_sodra_stocksund,2017,285
3110610_klockargarden,2015,54
3110610_klockargarden,2016,66
3110610_klockargarden,2017,88
3110620_berga,2015,25
3110620_berga,2016,28
3110620_berga,2017,32
3210100_drottningholm,2015,5
3210100_drottningholm,2016,4
3210100_drottningholm,2017,10
3210500_lovo_glesbygd,2015,39
3210500_lovo_glesbygd,2016,41
3210500_lovo_glesbygd,2017,42
3220101_tappstrom_narlunda,2015,165
3220101_tappstrom_narlunda,2016,178
3220101_tappstrom_narlunda,2017,176
3220102_ostra_narlunda,2015,44
3220102_ostra_narlunda,2016,45
3220102_ostra_narlunda,2017,55
3220103_ekero_centrum,2015,-56
3220103_ekero_centrum,2016,-53
3220103_ekero_centrum,2017,-56
3220211_alvnas,2015,77
3220211_alvnas,2016,83
3220211_alvnas,2017,85
3220212_brunna,2015,24
3220212_brunna,2016,26
3220212_brunna,2017,27
3220230_knalleborg,2015,24
3220230_knalleborg,2016,20
3220230_knalleborg,2017,17
3220261_ostra_trakvista,2015,180
3220261_ostra_trakvista,2016,201
3220261_ostra_trakvista,2017,289
3220262_gallsta_o,2015,210
3220262_gallsta_o,2016,211
3220262_gallsta_o,2017,219
3220270_sandudden,2015,227
3220270_sandudden,2016,238
3220270_sandudden,2017,245
3220500_ekero_glesbygd,2015,85
3220500_ekero_glesbygd,2016,94
3220500_ekero_glesbygd,2017,87
3230000_munso_forsamling,2015,38
3230000_munso_forsamling,2016,42
3230000_munso_forsamling,2017,42
3240000_adelso_forsamling,2015,13
3240000_adelso_forsamling,2016,11
3240000_adelso_forsamling,2017,18
3250100_farentuna_fd_forsamling,2015,89
3250100_farentuna_fd_forsamling,2016,93
3250100_farentuna_fd_forsamling,2017,92
3250201_hilleshogs_fd_forsamling,2015,32
3250201_hilleshogs_fd_forsamling,2016,27
3250201_hilleshogs_fd_forsamling,2017,31
3250202_ricksattra,2015,11
3250202_ricksattra,2016,10
3250202_ricksattra,2017,10
3250310_stenhamra,2015,126
3250310_stenhamra,2016,126
3250310_stenhamra,2017,138
3250320_sanga_glesbygd,2015,44
3250320_sanga_glesbygd,2016,40
3250320_sanga_glesbygd,2017,49
3250400_ska_fd_forsamling,2015,138
3250400_ska_fd_forsamling,2016,147
3250400_ska_fd_forsamling,2017,138
3311110_staket,2015,124
3311110_staket,2016,131
3311110_staket,2017,136
3312220_vastra_kallhall,2015,-64
3312220_vastra_kallhall,2016,-20
3312220_vastra_kallhall,2017,-6
3312230_skogstorp,2015,58
3312230_skogstorp,2016,53
3312230_skogstorp,2017,54
3312240_norra_kallhall,2015,-12
3312240_norra_kallhall,2016,-9
3312240_norra_kallhall,2017,-13
3312250_bonas,2015,63
3312250_bonas,2016,62
3312250_bonas,2017,62
3312260_termosvagen,2015,-103
3312260_termosvagen,2016,-99
3312260_termosvagen,2017,-86
3312270_ladersatra,2015,6
3312270_ladersatra,2016,23
3312270_ladersatra,2017,42
3312300_molnsattra,2015,35
3312300_molnsattra,2016,40
3312300_molnsattra,2017,39
3324100_olovslund,2015,284
3324100_olovslund,2016,287
3324100_olovslund,2017,290
3324200_berghem,2015,204
3324200_berghem,2016,210
3324200_berghem,2017,222
3324310_sodra_nibble,2015,-82
3324310_sodra_nibble,2016,-82
3324310_sodra_nibble,2017,-98
3324320_norra_nibble,2015,115
3324320_norra_nibble,2016,133
3324320_norra_nibble,2017,154
3324410_tallbohov,2015,-280
3324410_tallbohov,2016,-226
3324410_tallbohov,2017,-226
3324420_hammaren,2015,-138
3324420_hammaren,2016,-101
3324420_hammaren,2017,-96
3324430_jakobsbergs_centrum,2015,-144
3324430_jakobsbergs_centrum,2016,-147
3324430_jakobsbergs_centrum,2017,-139
3324500_vibblaby,2015,-108
3324500_vibblaby,2016,-54
3324500_vibblaby,2017,14
3335100_norra_viksjo,2015,20
3335100_norra_viksjo,2016,33
3335100_norra_viksjo,2017,28
3335210_ostra_viksjo,2015,52
3335210_ostra_viksjo,2016,56
3335210_ostra_viksjo,2017,57
3335220_viksjo_centrum,2015,-20
3335220_viksjo_centrum,2016,-12
3335220_viksjo_centrum,2017,10
3335310_ostra_lund,2015,-3
3335310_ostra_lund,2016,-5
3335310_ostra_lund,2017,6
3335320_vastra_lund,2015,-4
3335320_vastra_lund,2016,-5
3335320_vastra_lund,2017,-4
3335410_ostra_sandvik,2015,-6
3335410_ostra_sandvik,2016,-5
3335410_ostra_sandvik,2017,-5
3335420_sandvik,2015,-13
3335420_sandvik,2016,-8
3335420_sandvik,2017,-14
3335600_fjallen,2015,38
3335600_fjallen,2016,40
3335600_fjallen,2017,48
3346110_skalby,2015,137
3346110_skalby,2016,144
3346110_skalby,2017,161
3346120_ormbacka,2015,158
3346120_ormbacka,2016,161
3346120_ormbacka,2017,180
3346200_skalby_gard,2015,125
3346200_skalby_gard,2016,124
3346200_skalby_gard,2017,132
3347300_jarfalla_kyrka,2015,62
3347300_jarfalla_kyrka,2016,70
3347300_jarfalla_kyrka,2017,75
3347400_barkrby,2015,-33
3347400_barkrby,2016,-27
3347400_barkrby,2017,-31
3347500_barsbro,2015,131
3347500_barsbro,2016,147
3347500_barsbro,2017,150
3411110_norra_sticklinge,2015,154
3411110_norra_sticklinge,2016,179
3411110_norra_sticklinge,2017,199
3411120_sodra_sticklinge,2015,-21
3411120_sodra_sticklinge,2016,-17
3411120_sodra_sticklinge,2017,-14
3411200_islinge,2015,55
3411200_islinge,2016,59
3411200_islinge,2017,60
3411310_vastra_naset,2015,-1
3411310_vastra_naset,2016,-10
3411310_vastra_naset,2017,6
3411320_ostra_naset,2015,-106
3411320_ostra_naset,2016,-123
3411320_ostra_naset,2017,-122
3411400_bo_garde,2015,104
3411400_bo_garde,2016,108
3411400_bo_garde,2017,104
3411510_bo,2015,92
3411510_bo,2016,110
3411510_bo,2017,114
3411520_bjornbo,2015,35
3411520_bjornbo,2016,54
3411520_bjornbo,2017,64
3411610_boson,2015,-20
3411610_boson,2016,-22
3411610_boson,2017,-23
3411620_rudboda,2015,59
3411620_rudboda,2016,88
3411620_rudboda,2017,107
3412100_elfvik,2015,30
3412100_elfvik,2016,31
3412100_elfvik,2017,30
3413110_torsviksplatan,2015,-21
3413110_torsviksplatan,2016,-28
3413110_torsviksplatan,2017,-26
3413120_lidingo_centrum,2015,-33
3413120_lidingo_centrum,2016,-25
3413120_lidingo_centrum,2017,-26
3413130_stureplatan,2015,24
3413130_stureplatan,2016,27
3413130_stureplatan,2017,39
3413140_herserud,2015,36
3413140_herserud,2016,34
3413140_herserud,2017,40
3413150_torsviks_torg,2015,16
3413150_torsviks_torg,2016,25
3413150_torsviks_torg,2017,30
3413210_bredablick,2015,-20
3413210_bredablick,2016,-16
3413210_bredablick,2017,-10
3413220_norra_hersby,2015,56
3413220_norra_hersby,2016,58
3413220_norra_hersby,2017,78
3413230_sodra_hersby,2015,67
3413230_sodra_hersby,2016,78
3413230_sodra_hersby,2017,101
3413240_hersbyholm,2015,100
3413240_hersbyholm,2016,112
3413240_hersbyholm,2017,122
3413300_stockby,2015,7
3413300_stockby,2016,4
3413300_stockby,2017,2
3413410_baggeby,2015,-70
3413410_baggeby,2016,-53
3413410_baggeby,2017,-41
3413420_bodal,2015,63
3413420_bodal,2016,75
3413420_bodal,2017,75
3413500_larsberg,2015,1
3413500_larsberg,2016,33
3413500_larsberg,2017,20
3413600_mosstorp,2015,25
3413600_mosstorp,2016,22
3413600_mosstorp,2017,27
3413710_centrala_gangsatra,2015,-9
3413710_centrala_gangsatra,2016,2
3413710_centrala_gangsatra,2017,6
3413720_norra_gangsatra,2015,26
3413720_norra_gangsatra,2016,27
3413720_norra_gangsatra,2017,34
3413810_bergsatra,2015,61
3413810_bergsatra,2016,51
3413810_bergsatra,2017,51
3413820_centrala_skrsatra,2015,-25
3413820_centrala_skrsatra,2016,-19
3413820_centrala_skrsatra,2017,-6
3413830_kottla_molna_kappsta,2015,64
3413830_kottla_molna_kappsta,2016,79
3413830_kottla_molna_kappsta,2017,96
3414210_centrala_kappala,2015,-75
3414210_centrala_kappala,2016,-86
3414210_centrala_kappala,2017,-90
3414240_killinge,2015,85
3414240_killinge,2016,92
3414240_killinge,2017,108
3414250_ostra_kappala,2015,87
3414250_ostra_kappala,2016,96
3414250_ostra_kappala,2017,97
3414310_brevik,2015,69
3414310_brevik,2016,82
3414310_brevik,2017,82
3414320_hogberga,2015,170
3414320_hogberga,2016,173
3414320_hogberga,2017,190
3510110_gamla_marsta,2015,-34
3510110_gamla_marsta,2016,-14
3510110_gamla_marsta,2017,-10
3510120_marsta_kyrka,2015,26
3510120_marsta_kyrka,2016,24
3510120_marsta_kyrka,2017,25
3510130_tingvalla,2015,-25
3510130_tingvalla,2016,-17
3510130_tingvalla,2017,-24
3510140_ekillatorp,2015,17
3510140_ekillatorp,2016,20
3510140_ekillatorp,2017,20
3510150_sodra_ekilla,2015,-29
3510150_sodra_ekilla,2016,-28
3510150_sodra_ekilla,2017,-28
3510160_marsta_centrum,2015,-11
3510160_marsta_centrum,2016,6
3510160_marsta_centrum,2017,4
3510210_ostra_norrbacka,2015,-4
3510210_ostra_norrbacka,2016,6
3510210_ostra_norrbacka,2017,18
3510220_vastra_norrbacka,2015,16
3510220_vastra_norrbacka,2016,19
3510220_vastra_norrbacka,2017,13
3510260_norra_ekilla,2015,4
3510260_norra_ekilla,2016,6
3510260_norra_ekilla,2017,6
3510270_ostra_arenberga,2015,10
3510270_ostra_arenberga,2016,11
3510270_ostra_arenberga,2017,16
3510280_satuna,2015,-52
3510280_satuna,2016,-34
3510280_satuna,2017,-26
3510450_marsta_vastra_glesbygd_marsta_maby,2015,-1
3510450_marsta_vastra_glesbygd_marsta_maby,2016,0
3510450_marsta_vastra_glesbygd_marsta_maby,2017,0
3522020_ostra_sigtuna,2015,113
3522020_ostra_sigtuna,2016,107
3522020_ostra_sigtuna,2017,110
3522030_gamla_sigtuna,2015,43
3522030_gamla_sigtuna,2016,44
3522030_gamla_sigtuna,2017,48
3522040_brannbo,2015,0
3522040_brannbo,2016,1
3522040_brannbo,2017,0
3522050_prastangen_och_hallsbo,2015,-10
3522050_prastangen_och_hallsbo,2016,-5
3522050_prastangen_och_hallsbo,2017,7
3522060_sjudargarden,2015,87
3522060_sjudargarden,2016,93
3522060_sjudargarden,2017,110
3532010_munkholmen,2015,27
3532010_munkholmen,2016,33
3532010_munkholmen,2017,39
3534030_sankt_olofs_glesbygd_pilsbo,2015,151
3534030_sankt_olofs_glesbygd_pilsbo,2016,181
3534030_sankt_olofs_glesbygd_pilsbo,2017,180
3541000_sankt_pers_forsamling,2015,57
3541000_sankt_pers_forsamling,2016,62
3541000_sankt_pers_forsamling,2017,68
3542000_haga_forsamling,2015,23
3542000_haga_forsamling,2016,23
3542000_haga_forsamling,2017,22
3551110_norra_valsta,2015,-75
3551110_norra_valsta,2016,-45
3551110_norra_valsta,2017,-39
3551120_valsta_centrum,2015,-59
3551120_valsta_centrum,2016,-29
3551120_valsta_centrum,2017,-6
3551130_sodra_valsta,2015,-27
3551130_sodra_valsta,2016,-33
3551130_sodra_valsta,2017,-32
3551140_ostra_steninge,2015,57
3551140_ostra_steninge,2016,60
3551140_ostra_steninge,2017,42
3551150_steninge_gard,2015,107
3551150_steninge_gard,2016,105
3551150_steninge_gard,2017,102
3560210_rosersbergs_bostadsomr,2015,-5
3560210_rosersbergs_bostadsomr,2016,4
3560210_rosersbergs_bostadsomr,2017,-2
3560500_rosersbergs_nya_arbetsomr_arlanda_stad_ost_norrsunda_glesbygd_brista_varmeverk,2015,2
3560500_rosersbergs_nya_arbetsomr_arlanda_stad_ost_norrsunda_glesbygd_brista_varmeverk,2016,4
3560500_rosersbergs_nya_arbetsomr_arlanda_stad_ost_norrsunda_glesbygd_brista_varmeverk,2017,8
3560610_sodra_skanela,2015,4
3560610_sodra_skanela,2016,4
3560610_sodra_skanela,2017,-1
3580100_skepptuna_fd_forsamling,2015,20
3580100_skepptuna_fd_forsamling,2016,22
3580100_skepptuna_fd_forsamling,2017,21
3580210_ostra_lunda,2015,-7
3580210_ostra_lunda,2016,-9
3580210_ostra_lunda,2017,-9
3580300_vidbo_fd_forsamling,2015,17
3580300_vidbo_fd_forsamling,2016,19
3580300_vidbo_fd_forsamling,2017,25
3610120_gillberga,2015,93
3610120_gillberga,2016,104
3610120_gillberga,2017,119
3610140_rotsunda,2015,-48
3610140_rotsunda,2016,-47
3610140_rotsunda,2017,-46
3610170_rotebro_centrum,2015,-12
3610170_rotebro_centrum,2016,-4
3610170_rotebro_centrum,2017,-5
3610180_rotsunda_gard,2015,-42
3610180_rotsunda_gard,2016,-27
3610180_rotsunda_gard,2017,-45
3610210_vastra_viby,2015,256
3610210_vastra_viby,2016,265
3610210_vastra_viby,2017,276
3610230_ostra_viby,2015,77
3610230_ostra_viby,2016,93
3610230_ostra_viby,2017,96
3610310_vastra_norrviken,2015,80
3610310_vastra_norrviken,2016,88
3610310_vastra_norrviken,2017,93
3610330_ostra_norrviken,2015,36
3610330_ostra_norrviken,2016,30
3610330_ostra_norrviken,2017,30
3610400_vaxmora,2015,187
3610400_vaxmora,2016,202
3610400_vaxmora,2017,210
3610510_klasro,2015,35
3610510_klasro,2016,39
3610510_klasro,2017,64
3610530_haggviks_centrum,2015,73
3610530_haggviks_centrum,2016,82
3610530_haggviks_centrum,2017,100
3610540_skalby,2015,146
3610540_skalby,2016,163
3610540_skalby,2017,157
3610610_edsbergs_centrum,2015,-159
3610610_edsbergs_centrum,2016,-178
3610610_edsbergs_centrum,2017,-193
3610650_ovriga_edsberg,2015,127
3610650_ovriga_edsberg,2016,142
3610650_ovriga_edsberg,2017,139
3610660_landsnora,2015,97
3610660_landsnora,2016,99
3610660_landsnora,2017,93
3610670_vasjoomradet,2015,6
3610670_vasjoomradet,2016,7
3610670_vasjoomradet,2017,14
3610680_kvarnskogen,2015,141
3610680_kvarnskogen,2016,139
3610680_kvarnskogen,2017,140
3610730_turebergs_industriomr,2015,313
3610730_turebergs_industriomr,2016,367
3610730_turebergs_industriomr,2017,412
3610750_fagelsangen,2015,108
3610750_fagelsangen,2016,129
3610750_fagelsangen,2017,143
3610760_tojnan,2015,157
3610760_tojnan,2016,172
3610760_tojnan,2017,184
3610770_nytorp,2015,209
3610770_nytorp,2016,208
3610770_nytorp,2017,214
3610780_skansen,2015,154
3610780_skansen,2016,168
3610780_skansen,2017,170
3610810_falkberget,2015,58
3610810_falkberget,2016,54
3610810_falkberget,2017,59
3610830_sjoberg,2015,44
3610830_sjoberg,2016,82
3610830_sjoberg,2017,82
3610920_ostra_helenelund,2015,283
3610920_ostra_helenelund,2016,301
3610920_ostra_helenelund,2017,309
3610931_tegelhagen,2015,61
3610931_tegelhagen,2016,70
3610931_tegelhagen,2017,85
3610940_helenelunds_centrum,2015,-23
3610940_helenelunds_centrum,2016,-22
3610940_helenelunds_centrum,2017,-9
3610951_vastra_helenelund,2015,200
3610951_vastra_helenelund,2016,216
3610951_vastra_helenelund,2017,237
3612710_bagarby,2015,-184
3612710_bagarby,2016,-137
3612710_bagarby,2017,-130
3710110_jarvafaltet_jarvastaden_norra_jarvastaden_sodra_jarvastaden_ostra,2015,807
3710110_jarvafaltet_jarvastaden_norra_jarvastaden_sodra_jarvastaden_ostra,2016,927
3710110_jarvafaltet_jarvastaden_norra_jarvastaden_sodra_jarvastaden_ostra,2017,1061
3710120_vastra_ritorp,2015,-69
3710120_vastra_ritorp,2016,-67
3710120_vastra_ritorp,2017,-64
3710130_ostra_ritorp,2015,-12
3710130_ostra_ritorp,2016,-18
3710130_ostra_ritorp,2017,-10
3710141_sodra_frosunda_norra_frosunda,2015,1228
3710141_sodra_frosunda_norra_frosunda,2016,1213
3710141_sodra_frosunda_norra_frosunda,2017,1205
3710143_ballongberget,2015,-167
3710143_ballongberget,2016,-160
3710143_ballongberget,2017,-166
3710150_bangarden_nationalarenan,2015,217
3710150_bangarden_nationalarenan,2016,291
3710150_bangarden_nationalarenan,2017,284
3710160_bagartorp,2015,8
3710160_bagartorp,2016,5
3710160_bagartorp,2017,4
3710170_rastahem,2015,7
3710170_rastahem,2016,12
3710170_rastahem,2017,14
3710180_agnesberg,2015,-12
3710180_agnesberg,2016,-24
3710180_agnesberg,2017,-34
3710200_ulriksdal,2015,13
3710200_ulriksdal,2016,13
3710200_ulriksdal,2017,16
3710310_norra_bergshamra,2015,52
3710310_norra_bergshamra,2016,54
3710310_norra_bergshamra,2017,44
3710320_bergshamra_torg,2015,39
3710320_bergshamra_torg,2016,50
3710320_bergshamra_torg,2017,45
3710330_stocksundstorp,2015,-4
3710330_stocksundstorp,2016,5
3710330_stocksundstorp,2017,14
3710340_ostra_bergshamra,2015,56
3710340_ostra_bergshamra,2016,54
3710340_ostra_bergshamra,2017,46
3710350_sodra_bergshamra,2015,69
3710350_sodra_bergshamra,2016,79
3710350_sodra_bergshamra,2017,75
3710360_kungshamra,2015,-1741
3710360_kungshamra,2016,-1851
3710360_kungshamra,2017,-1955
3710420_karolinska_sjukhuset_nya_karolinska_solna_kyrkby,2015,-213
3710420_karolinska_sjukhuset_nya_karolinska_solna_kyrkby,2016,-208
3710420_karolinska_sjukhuset_nya_karolinska_solna_kyrkby,2017,-210
3710430_karolinska_institutet,2015,-232
3710430_karolinska_institutet,2016,-231
3710430_karolinska_institutet,2017,-223
3710520_jungfrudansen,2015,123
3710520_jungfrudansen,2016,144
3710520_jungfrudansen,2017,130
3710530_sodra_huvusta,2015,-35
3710530_sodra_huvusta,2016,36
3710530_sodra_huvusta,2017,92
3710540_vastra_skogen,2015,-420
3710540_vastra_skogen,2016,-420
3710540_vastra_skogen,2017,-457
3710550_gamla_huvusta,2015,205
3710550_gamla_huvusta,2016,215
3710550_gamla_huvusta,2017,251
3710570_huvudstafaltet,2015,296
3710570_huvudstafaltet,2016,321
3710570_huvudstafaltet,2017,351
3710580_pampas_marina_ingenting,2015,106
3710580_pampas_marina_ingenting,2016,191
3710580_pampas_marina_ingenting,2017,309
3720610_solna_station_stora_frosunda_brahelund,2015,54
3720610_solna_station_stora_frosunda_brahelund,2016,43
3720610_solna_station_stora_frosunda_brahelund,2017,51
3720620_blakulla,2015,-56
3720620_blakulla,2016,-19
3720620_blakulla,2017,-22
3720630_rudviken_vastra_hagalund,2015,119
3720630_rudviken_vastra_hagalund,2016,149
3720630_rudviken_vastra_hagalund,2017,139
3720710_rasunda_kyrka_sodra_rasunda,2015,214
3720710_rasunda_kyrka_sodra_rasunda,2016,244
3720710_rasunda_kyrka_sodra_rasunda,2017,254
3720720_filmstaden,2015,450
3720720_filmstaden,2016,458
3720720_filmstaden,2017,461
3720730_skogskronet,2015,30
3720730_skogskronet,2016,28
3720730_skogskronet,2017,44
3720740_rasundaskolan_rasundastadion,2015,3
3720740_rasundaskolan_rasundastadion,2016,22
3720740_rasundaskolan_rasundastadion,2017,33
3720750_charlottenburg,2015,-68
3720750_charlottenburg,2016,-45
3720750_charlottenburg,2017,34
3720760_sodra_vasalund,2015,-158
3720760_sodra_vasalund,2016,-118
3720760_sodra_vasalund,2017,-103
3720770_norra_vasalund,2015,28
3720770_norra_vasalund,2016,35
3720770_norra_vasalund,2017,48
3720780_ekensberg,2015,67
3720780_ekensberg,2016,96
3720780_ekensberg,2017,137
3720790_hallen,2015,-34
3720790_hallen,2016,-28
3720790_hallen,2017,-27
3720910_skytteholm,2015,113
3720910_skytteholm,2016,146
3720910_skytteholm,2017,170
3720920_albygard,2015,65
3720920_albygard,2016,62
3720920_albygard,2017,67
3720930_solna_centrum,2015,59
3720930_solna_centrum,2016,56
3720930_solna_centrum,2017,68
3720940_hanneberg,2015,45
3720940_hanneberg,2016,64
3720940_hanneberg,2017,71
3720950_albydal,2015,46
3720950_albydal,2016,47
3720950_albydal,2017,44
3810100_lilla_alby,2015,158
3810100_lilla_alby,2016,236
3810100_lilla_alby,2017,419
3810110_sundbybergs_industriomrade,2015,67
3810110_sundbybergs_industriomrade,2016,59
3810110_sundbybergs_industriomrade,2017,56
3810220_rasten,2015,17
3810220_rasten,2016,76
3810220_rasten,2017,152
3810230_sundbybergs_centrum,2015,-123
3810230_sundbybergs_centrum,2016,-101
3810230_sundbybergs_centrum,2017,-65
3810240_starrbacksgatan,2015,9
3810240_starrbacksgatan,2016,30
3810240_starrbacksgatan,2017,108
3810300_storskogen,2015,85
3810300_storskogen,2016,100
3810300_storskogen,2017,121
3810310_lotsjo,2015,127
3810310_lotsjo,2016,127
3810310_lotsjo,2017,129
3810320_tule,2015,109
3810320_tule,2016,119
3810320_tule,2017,113
3810400_duvbo,2015,112
3810400_duvbo,2016,138
3810400_duvbo,2017,130
3810410_hasthagen,2015,17
3810410_hasthagen,2016,19
3810410_hasthagen,2017,14
3810500_or,2015,-30
3810500_or,2016,-37
3810500_or,2017,-36
3810610_hallonbergen,2015,-345
3810610_hallonbergen,2016,-333
3810610_hallonbergen,2017,-339
3810720_rissne_norra_arbetsomrade,2015,-4
3810720_rissne_norra_arbetsomrade,2016,-3
3810720_rissne_norra_arbetsomrade,2017,-5
3810740_norra_rissne,2015,-368
3810740_norra_rissne,2016,-354
3810740_norra_rissne,2017,-342
3810750_sodra_rissne,2015,-195
3810750_sodra_rissne,2016,-207
3810750_sodra_rissne,2017,-202
3810810_ursviks_smahusomrade,2015,50
3810810_ursviks_smahusomrade,2016,47
3810810_ursviks_smahusomrade,2017,55
3810821_kymlinge_brotorp_stora_ursvik_norra,2015,245
3810821_kymlinge_brotorp_stora_ursvik_norra,2016,299
3810821_kymlinge_brotorp_stora_ursvik_norra,2017,345
3910110_vastra_nasbypark,2015,129
3910110_vastra_nasbypark,2016,127
3910110_vastra_nasbypark,2017,137
3910120_ornstigen,2015,-40
3910120_ornstigen,2016,-27
3910120_ornstigen,2017,-30
3910130_nasbyparks_centrum,2015,15
3910130_nasbyparks_centrum,2016,42
3910130_nasbyparks_centrum,2017,43
3910140_nasby_slott,2015,69
3910140_nasby_slott,2016,72
3910140_nasby_slott,2017,73
3910170_ostra_nasbypark,2015,179
3910170_ostra_nasbypark,2016,204
3910170_ostra_nasbypark,2017,215
3910190_lahall,2015,91
3910190_lahall,2016,90
3910190_lahall,2017,105
3910210_nasbydal,2015,-61
3910210_nasbydal,2016,-63
3910210_nasbydal,2017,-61
3910220_grindtorp,2015,-53
3910220_grindtorp,2016,-10
3910220_grindtorp,2017,37
3910240_taby_centrum,2015,96
3910240_taby_centrum,2016,120
3910240_taby_centrum,2017,134
3910270_marknadsvagen,2015,16
3910270_marknadsvagen,2016,26
3910270_marknadsvagen,2017,36
3910280_akerbyvagen,2015,2
3910280_akerbyvagen,2016,15
3910280_akerbyvagen,2017,9
3910310_sodra_viggbyholm,2015,146
3910310_sodra_viggbyholm,2016,167
3910310_sodra_viggbyholm,2017,199
3910320_viggbygardet,2015,-14
3910320_viggbygardet,2016,-10
3910320_viggbygardet,2017,-17
3910330_mellersta_viggbyholm,2015,20
3910330_mellersta_viggbyholm,2016,45
3910330_mellersta_viggbyholm,2017,50
3910350_norra_viggbyholm,2015,37
3910350_norra_viggbyholm,2016,38
3910350_norra_viggbyholm,2017,47
3910370_norra_hagernas,2015,-96
3910370_norra_hagernas,2016,-85
3910370_norra_hagernas,2017,-81
3910380_sodra_hagernas,2015,304
3910380_sodra_hagernas,2016,285
3910380_sodra_hagernas,2017,296
3910480_norra_landsbygden,2015,96
3910480_norra_landsbygden,2016,101
3910480_norra_landsbygden,2017,102
3910730_ella,2015,111
3910730_ella,2016,129
3910730_ella,2017,142
3910770_vastra_ensta,2015,102
3910770_vastra_ensta,2016,104
3910770_vastra_ensta,2017,109
3910780_ostra_ensta,2015,38
3910780_ostra_ensta,2016,43
3910780_ostra_ensta,2017,33
3910790_kullagrand,2015,-18
3910790_kullagrand,2016,-14
3910790_kullagrand,2017,-15
3910810_norra_ellagard,2015,82
3910810_norra_ellagard,2016,80
3910810_norra_ellagard,2017,78
3910820_sodra_ellagard,2015,24
3910820_sodra_ellagard,2016,30
3910820_sodra_ellagard,2017,27
3910830_ava,2015,31
3910830_ava,2016,33
3910830_ava,2017,35
3910840_vastra_ellagard,2015,1
3910840_vastra_ellagard,2016,6
3910840_vastra_ellagard,2017,11
3910910_skarpang,2015,245
3910910_skarpang,2016,272
3910910_skarpang,2017,278
3910920_gripsvall,2015,59
3910920_gripsvall,2016,61
3910920_gripsvall,2017,69
3911010_ostra_roslags_nasby,2015,129
3911010_ostra_roslags_nasby,2016,132
3911010_ostra_roslags_nasby,2017,139
3911020_vastra_roslags_nasby,2015,8
3911020_vastra_roslags_nasby,2016,9
3911020_vastra_roslags_nasby,2017,9
3911510_lansen,2015,99
3911510_lansen,2016,99
3911510_lansen,2017,108
3911520_sodra_gribbylund,2015,52
3911520_sodra_gribbylund,2016,61
3911520_sodra_gribbylund,2017,52
3911530_gribbylunds_centrum,2015,-35
3911530_gribbylunds_centrum,2016,-29
3911530_gribbylunds_centrum,2017,-30
3911540_norra_gribbylund,2015,260
3911540_norra_gribbylund,2016,276
3911540_norra_gribbylund,2017,273
3911550_sveavagen,2015,23
3911550_sveavagen,2016,24
3911550_sveavagen,2017,35
3911610_ostra_vallabrink,2015,36
3911610_ostra_vallabrink,2016,41
3911610_ostra_vallabrink,2017,46
3911620_vastra_vallabrink,2015,66
3911620_vastra_vallabrink,2016,75
3911620_vastra_vallabrink,2017,78
3911660_visinge,2015,83
3911660_visinge,2016,78
3911660_visinge,2017,85
3911670_vallatorp,2015,15
3911670_vallatorp,2016,19
3911670_vallatorp,2017,29
3911680_erikslund,2015,-8
3911680_erikslund,2016,1
3911680_erikslund,2017,4
3911740_s_a_midgards_industriomr,2015,18
3911740_s_a_midgards_industriomr,2016,22
3911740_s_a_midgards_industriomr,2017,24
3911750_taby_kyrka,2015,94
3911750_taby_kyrka,2016,89
3911750_taby_kyrka,2017,96
3911760_midgard,2015,-3
3911760_midgard,2016,8
3911760_midgard,2017,12
3911780_ostra_taby_kyrkby,2015,370
3911780_ostra_taby_kyrkby,2016,361
3911780_ostra_taby_kyrkby,2017,403
3911790_runborg,2015,130
3911790_runborg,2016,139
3911790_runborg,2017,144
4010120_skallsta_vastra_raby_garde,2015,15
4010120_skallsta_vastra_raby_garde,2016,17
4010120_skallsta_vastra_raby_garde,2017,18
4010130_gamla_bro_tatort,2015,-2
4010130_gamla_bro_tatort,2016,-3
4010130_gamla_bro_tatort,2017,9
4010140_bro_centrum,2015,83
4010140_bro_centrum,2016,104
4010140_bro_centrum,2017,116
4010500_kockbacka_bro_glesbygd_ostra_bro_sodra_bro,2015,195
4010500_kockbacka_bro_glesbygd_ostra_bro_sodra_bro,2016,211
4010500_kockbacka_bro_glesbygd_ostra_bro_sodra_bro,2017,237
4020000_lassa_forsamling,2015,61
4020000_lassa_forsamling,2016,84
4020000_lassa_forsamling,2017,92
4050100_habo_tibble_kyrkby,2015,4
4050100_habo_tibble_kyrkby,2016,6
4050100_habo_tibble_kyrkby,2017,5
4050200_mariedal_nashagen,2015,0
4050200_mariedal_nashagen,2016,0
4050500_habo_tibble_glesbygd,2015,-3
4050500_habo_tibble_glesbygd,2016,-3
4050500_habo_tibble_glesbygd,2017,-3
4060000_hatuna_forsamling,2015,26
4060000_hatuna_forsamling,2016,27
4060000_hatuna_forsamling,2017,33
4070110_sodra_kungsangen,2015,16
4070110_sodra_kungsangen,2016,27
4070110_sodra_kungsangen,2017,23
4070120_norra_kungsangen,2015,-31
4070120_norra_kungsangen,2016,-38
4070120_norra_kungsangen,2017,-32
4070130_tibblehojden,2015,17
4070130_tibblehojden,2016,12
4070130_tibblehojden,2017,2
4070150_tibbleangen,2015,-10
4070150_tibbleangen,2016,51
4070150_tibbleangen,2017,67
4070160_sylta,2015,71
4070160_sylta,2016,67
4070160_sylta,2017,74
4070170_kungsangens_glesbygd_rankhus,2015,-4
4070170_kungsangens_glesbygd_rankhus,2016,-3
4070170_kungsangens_glesbygd_rankhus,2017,0
4070210_brunna_tatort,2015,-22
4070210_brunna_tatort,2016,-16
4070210_brunna_tatort,2017,-15
4111110_norra_runby,2015,16
4111110_norra_runby,2016,28
4111110_norra_runby,2017,30
4111120_sodra_runby,2015,-15
4111120_sodra_runby,2016,-12
4111120_sodra_runby,2017,-17
4111130_runby_lovsta,2015,29
4111130_runby_lovsta,2016,66
4111130_runby_lovsta,2017,68
4111140_prastgardsmarken,2015,-66
4111140_prastgardsmarken,2016,-68
4111140_prastgardsmarken,2017,-76
4111900_eds_glesbygd,2015,-1
4111900_eds_glesbygd,2016,2
4111900_eds_glesbygd,2017,32
4122100_lowenstromska_sjukhuset,2015,-1
4122100_lowenstromska_sjukhuset,2016,7
4122100_lowenstromska_sjukhuset,2017,6
4122210_norra_vilunda,2015,6
4122210_norra_vilunda,2016,15
4122210_norra_vilunda,2017,27
4122230_apoteksskogen,2015,33
4122230_apoteksskogen,2016,65
4122230_apoteksskogen,2017,57
4122240_vasbyskogen,2015,-108
4122240_vasbyskogen,2016,-86
4122240_vasbyskogen,2017,-85
4122310_korpkulla,2015,-52
4122310_korpkulla,2016,-18
4122310_korpkulla,2017,-15
4122340_vilunda,2015,-82
4122340_vilunda,2016,-72
4122340_vilunda,2017,-69
4122420_norra_smedby,2015,-17
4122420_norra_smedby,2016,18
4122420_norra_smedby,2017,12
4122430_sodra_smedby,2015,-8
4122430_sodra_smedby,2016,-9
4122430_sodra_smedby,2017,-9
4122520_skalby,2015,-2
4122520_skalby,2016,-3
4122520_skalby,2017,4
4122530_carlslund,2015,27
4122530_carlslund,2016,60
4122530_carlslund,2017,73
4122540_brunnby,2015,6
4122540_brunnby,2016,4
4122540_brunnby,2017,13
4122600_vastra_odenslunda,2015,-15
4122600_vastra_odenslunda,2016,-10
4122600_vastra_odenslunda,2017,-5
4133110_sanda,2015,135
4133110_sanda,2016,133
4133110_sanda,2017,129
4133120_ostra_odenslunda,2015,73
4133120_ostra_odenslunda,2016,76
4133120_ostra_odenslunda,2017,77
4133200_frestaby,2015,13
4133200_frestaby,2016,33
4133200_frestaby,2017,67
4133310_vastra_bollstanas,2015,31
4133310_vastra_bollstanas,2016,30
4133310_vastra_bollstanas,2017,35
4133330_ostra_bollstanas,2015,118
4133330_ostra_bollstanas,2016,118
4133330_ostra_bollstanas,2017,119
4133350_sodra_bollstanas,2015,89
4133350_sodra_bollstanas,2016,87
4133350_sodra_bollstanas,2017,83
4133910_fresta_norra_glesbygd,2015,47
4133910_fresta_norra_glesbygd,2016,46
4133910_fresta_norra_glesbygd,2017,48
4133920_fresta_sodra_glesbygd,2015,10
4133920_fresta_sodra_glesbygd,2016,9
4133920_fresta_sodra_glesbygd,2017,9
4210110_centrala_vallentuna,2015,-14
4210110_centrala_vallentuna,2016,-14
4210110_centrala_vallentuna,2017,-20
4210210_norra_vallentuna_tatort,2015,13
4210210_norra_vallentuna_tatort,2016,9
4210210_norra_vallentuna_tatort,2017,15
4210220_nv_a_vallentuna_tatort,2015,248
4210220_nv_a_vallentuna_tatort,2016,253
4210220_nv_a_vallentuna_tatort,2017,269
4210320_ostra_ormsta,2015,78
4210320_ostra_ormsta,2016,93
4210320_ostra_ormsta,2017,125
4210330_vastra_ormsta,2015,39
4210330_vastra_ormsta,2016,44
4210330_vastra_ormsta,2017,47
4210340_aby_bostadsomrade,2015,50
4210340_aby_bostadsomrade,2016,50
4210340_aby_bostadsomrade,2017,62
4210410_vastra_ballsta,2015,356
4210410_vastra_ballsta,2016,388
4210410_vastra_ballsta,2017,412
4210420_kragstalund,2015,172
4210420_kragstalund,2016,182
4210420_kragstalund,2017,186
4210430_ballstaberg,2015,297
4210430_ballstaberg,2016,324
4210430_ballstaberg,2017,357
4210440_karlberg_rickeby_okvista,2015,74
4210440_karlberg_rickeby_okvista,2016,86
4210440_karlberg_rickeby_okvista,2017,88
4210510_vallentuna_glesbygd_v,2015,27
4210510_vallentuna_glesbygd_v,2016,28
4210510_vallentuna_glesbygd_v,2017,32
4210530_vallentuna_glesbygd_no,2015,49
4210530_vallentuna_glesbygd_no,2016,53
4210530_vallentuna_glesbygd_no,2017,53
4210540_ostra_vallentuna_tatort_vallentuna_glesbygd_so,2015,50
4210540_ostra_vallentuna_tatort_vallentuna_glesbygd_so,2016,63
4210540_ostra_vallentuna_tatort_vallentuna_glesbygd_so,2017,74
4220000_markims_forsamling,2015,3
4220000_markims_forsamling,2016,5
4220000_markims_forsamling,2017,6
4230100_lindholmen,2015,30
4230100_lindholmen,2016,38
4230100_lindholmen,2017,38
4230500_sodra_lindholmen_orkesta_glesbygd,2015,23
4230500_sodra_lindholmen_orkesta_glesbygd,2016,34
4230500_sodra_lindholmen_orkesta_glesbygd,2017,37
4240000_frosunda_forsamling,2015,17
4240000_frosunda_forsamling,2016,26
4240000_frosunda_forsamling,2017,22
4250100_karsta,2015,11
4250100_karsta,2016,14
4250100_karsta,2017,9
4250200_ekskogen,2015,3
4250200_ekskogen,2016,2
4250200_ekskogen,2017,2
4250500_karsta_glesbygd,2015,25
4250500_karsta_glesbygd,2016,29
4250500_karsta_glesbygd,2017,32
4260500_vada_glesbygd,2015,20
4260500_vada_glesbygd,2016,18
4260500_vada_glesbygd,2017,18
4270100_karby,2015,23
4270100_karby,2016,30
4270100_karby,2017,33
4270200_brottby,2015,32
4270200_brottby,2016,34
4270200_brottby,2017,36
4270501_ovr_osseby_garns_glesbygd,2015,40
4270501_ovr_osseby_garns_glesbygd,2016,46
4270501_ovr_osseby_garns_glesbygd,2017,49
4270502_algeby_garns_ekskogen,2015,3
4270502_algeby_garns_ekskogen,2016,7
4270502_algeby_garns_ekskogen,2017,9
4280000_angarns_forsamling,2015,15
4280000_angarns_forsamling,2016,22
4280000_angarns_forsamling,2017,14
4311441_bogesund,2015,8
4311441_bogesund,2016,8
4311441_bogesund,2017,6
4311442_storholmen,2015,8
4311442_storholmen,2016,9
4311442_storholmen,2017,8
4311443_kullon,2015,275
4311443_kullon,2016,285
4311443_kullon,2017,292
4311460_karlsudd,2015,12
4311460_karlsudd,2017,15
4311610_ostra_vaxon,2015,77
4311610_ostra_vaxon,2016,86
4311610_ostra_vaxon,2017,119
4311620_vastra_vaxon,2015,-39
4311620_vastra_vaxon,2016,-30
4311620_vastra_vaxon,2017,-13
4311650_engarn_storang,2015,25
4311650_engarn_storang,2016,24
4311650_engarn_storang,2017,18
4311661_ytterby_overby,2015,285
4311661_ytterby_overby,2016,315
4311661_ytterby_overby,2017,324
4311730_tynningo,2015,31
4311730_tynningo,2016,31
4311730_tynningo,2017,37
4311810_rindo_centrum,2015,19
4311810_rindo_centrum,2016,21
4311810_rindo_centrum,2017,28
4311820_rindo,2015,15
4311820_rindo,2016,19
4311820_rindo,2017,23
4311830_skarpo,2015,19
4311830_skarpo,2016,19
4311830_skarpo,2017,16
4440110_ljustero,2015,74
4440110_ljustero,2016,75
4440110_ljustero,2017,84
4440120_ingmarso_mfl_oar,2015,23
4440120_ingmarso_mfl_oar,2016,25
4440120_ingmarso_mfl_oar,2017,25
4440200_roslags_kulla_fd_forsaml,2015,33
4440200_roslags_kulla_fd_forsaml,2016,37
4440200_roslags_kulla_fd_forsaml,2017,42
4450110_ekbacken,2015,26
4450110_ekbacken,2016,37
4450110_ekbacken,2017,37
4450120_runo_gard,2015,-14
4450120_runo_gard,2016,-11
4450120_runo_gard,2017,13
4450130_akersberga,2015,-32
4450130_akersberga,2016,-25
4450130_akersberga,2017,-22
4450140_kullen,2015,-6
4450140_kullen,2016,-7
4450140_kullen,2017,-5
4450150_ostra_sora,2015,104
4450150_ostra_sora,2016,129
4450150_ostra_sora,2017,141
4450160_vastra_sora,2015,4
4450160_vastra_sora,2016,3
4450160_vastra_sora,2017,11
4450170_neptunus,2015,8
4450170_neptunus,2016,3
4450170_neptunus,2017,7
4450180_kungsangen,2015,124
4450180_kungsangen,2016,148
4450180_kungsangen,2017,179
4450190_tunagard_osterskar,2015,166
4450190_tunagard_osterskar,2016,172
4450190_tunagard_osterskar,2017,184
4450210_akerstorp,2015,70
4450210_akerstorp,2016,73
4450210_akerstorp,2017,73
4450220_smedby,2015,83
4450220_smedby,2016,96
4450220_smedby,2017,109
4450230_hacksta,2015,-36
4450230_hacksta,2016,-31
4450230_hacksta,2017,-34
4450240_skansta,2015,16
4450240_skansta,2016,32
4450240_skansta,2017,42
4450250_singo,2015,25
4450250_singo,2016,28
4450250_singo,2017,30
4450260_asatra,2015,50
4450260_asatra,2016,59
4450260_asatra,2017,59
4450310_margretelund,2015,205
4450310_margretelund,2016,217
4450310_margretelund,2017,237
4450320_trasatra,2015,-15
4450320_trasatra,2016,1
4450320_trasatra,2017,19
4450330_flaxenvik,2015,104
4450330_flaxenvik,2016,120
4450330_flaxenvik,2017,129
4450340_skargardsstad,2015,112
4450340_skargardsstad,2016,114
4450340_skargardsstad,2017,115
4451231_sodra_runo_sodra_runotaljo_sodra_runo_nas,2015,179
4451231_sodra_runo_sodra_runotaljo_sodra_runo_nas,2016,228
4451231_sodra_runo_sodra_runotaljo_sodra_runo_nas,2017,274
4451240_norra_runo,2015,132
4451240_norra_runo,2016,139
4451240_norra_runo,2017,139
4451250_svinninge,2015,74
4451250_svinninge,2016,87
4451250_svinninge,2017,116
4451410_rydbo,2015,47
4451410_rydbo,2016,50
4451410_rydbo,2017,49
4451420_svartgarn,2015,103
4451420_svartgarn,2016,129
4451420_svartgarn,2017,147
4451430_ostra_ryds_glesbygd,2015,30
4451430_ostra_ryds_glesbygd,2016,29
4451430_ostra_ryds_glesbygd,2017,31
5110110_albyslatten,2015,-321
5110110_albyslatten,2016,-333
5110110_albyslatten,2017,-339
5110120_albyberget,2015,-237
5110120_albyberget,2016,-229
5110120_albyberget,2017,-215
5110150_rotemannen,2015,-44
5110150_rotemannen,2016,-46
5110150_rotemannen,2017,-50
5110160_alby_gard,2015,-33
5110160_alby_gard,2016,-44
5110160_alby_gard,2017,-50
5110240_aspberget,2015,6
5110240_aspberget,2016,7
5110240_aspberget,2017,4
5110260_ostra_eriksberg,2015,-80
5110260_ostra_eriksberg,2016,-84
5110260_ostra_eriksberg,2017,-101
5110270_vastra_eriksberg,2015,-7
5110270_vastra_eriksberg,2016,-14
5110270_vastra_eriksberg,2017,-15
5110280_tre_kallor,2015,12
5110280_tre_kallor,2016,13
5110280_tre_kallor,2017,19
5110290_sturehov,2015,44
5110290_sturehov,2016,46
5110290_sturehov,2017,45
5110311_krogarvagen_vardshusvagen,2015,-106
5110311_krogarvagen_vardshusvagen,2016,-107
5110311_krogarvagen_vardshusvagen,2017,-120
5110312_forvagen,2015,-109
5110312_forvagen,2016,-107
5110312_forvagen,2017,-114
5110320_fittja_gard,2015,-42
5110320_fittja_gard,2016,-53
5110320_fittja_gard,2017,-58
5110410_sodra_hallunda,2015,-84
5110410_sodra_hallunda,2016,-74
5110410_sodra_hallunda,2017,-88
5110420_slagsta,2015,-2
5110420_slagsta,2016,-6
5110420_slagsta,2017,-18
5110430_brunna,2015,-27
5110430_brunna,2016,-26
5110430_brunna,2017,-24
5110450_sodra_norsborg,2015,-138
5110450_sodra_norsborg,2016,-143
5110450_sodra_norsborg,2017,-150
5110460_tornbergsfaltet,2015,-6
5110460_tornbergsfaltet,2016,-15
5110460_tornbergsfaltet,2017,-20
5110480_nordostra_norsborg,2015,-17
5110480_nordostra_norsborg,2016,-18
5110480_nordostra_norsborg,2017,-18
5110490_nordvastra_norsborg,2015,-16
5110490_nordvastra_norsborg,2016,-18
5110490_nordvastra_norsborg,2017,-24
5120730_tumba_centrum,2015,-86
5120730_tumba_centrum,2016,-94
5120730_tumba_centrum,2017,-89
5120750_segersjo,2015,-46
5120750_segersjo,2016,-50
5120750_segersjo,2017,-60
5120780_tumba_villastad,2015,62
5120780_tumba_villastad,2016,70
5120780_tumba_villastad,2017,66
5120790_skacklinge,2015,70
5120790_skacklinge,2016,63
5120790_skacklinge,2017,61
5120810_storvreten,2015,-290
5120810_storvreten,2016,-284
5120810_storvreten,2017,-286
5120820_blockvagen,2015,16
5120820_blockvagen,2016,15
5120820_blockvagen,2017,8
5120830_grytstigen,2015,16
5120830_grytstigen,2016,16
5120830_grytstigen,2017,16
5120840_vedstigen,2015,-10
5120840_vedstigen,2016,-10
5120840_vedstigen,2017,-9
5120910_tumba_bruk,2015,13
5120910_tumba_bruk,2016,15
5120910_tumba_bruk,2017,16
5120920_tumba_glesbygd,2015,29
5120920_tumba_glesbygd,2016,43
5120920_tumba_glesbygd,2017,75
5120930_kommunalhuset,2015,66
5120930_kommunalhuset,2016,70
5120930_kommunalhuset,2017,70
5120940_tuna,2015,-71
5120940_tuna,2016,-66
5120940_tuna,2017,-83
5120950_nackdala,2015,20
5120950_nackdala,2016,15
5120950_nackdala,2017,7
5120970_loviseberg,2015,21
5120970_loviseberg,2016,22
5120970_loviseberg,2017,31
5130810_uttran,2015,43
5130810_uttran,2016,43
5130810_uttran,2017,41
5130820_varsta,2015,70
5130820_varsta,2016,67
5130820_varsta,2017,75
5130830_grodinge_glesbygd,2015,43
5130830_grodinge_glesbygd,2016,45
5130830_grodinge_glesbygd,2017,39
5140110_tullinge_villastad,2015,448
5140110_tullinge_villastad,2016,459
5140110_tullinge_villastad,2017,491
5140620_tullingeberg,2015,-68
5140620_tullingeberg,2016,-67
5140620_tullingeberg,2017,-55
5140641_tullinge_parkhem,2015,139
5140641_tullinge_parkhem,2016,155
5140641_tullinge_parkhem,2017,170
5140642_lanthem_n,2015,62
5140642_lanthem_n,2016,72
5140642_lanthem_n,2017,77
5140650_tullinge_centrum,2015,70
5140650_tullinge_centrum,2016,79
5140650_tullinge_centrum,2017,103
5140660_banslatt,2015,43
5140660_banslatt,2016,49
5140660_banslatt,2017,49
5140690_tullinge_glesbygd_riksten,2015,224
5140690_tullinge_glesbygd_riksten,2016,240
5140690_tullinge_glesbygd_riksten,2017,261
5140711_tullinge_skog,2015,102
5140711_tullinge_skog,2016,109
5140711_tullinge_skog,2017,115
5140712_lanthem_s,2015,80
5140712_lanthem_s,2016,89
5140712_lanthem_s,2017,90
5211120_gudo,2015,183
5211120_gudo,2016,212
5211120_gudo,2017,247
5211131_sodra_vendelso,2015,57
5211131_sodra_vendelso,2016,62
5211131_sodra_vendelso,2017,70
5211132_sagen,2015,-51
5211132_sagen,2016,-42
5211132_sagen,2017,-39
5211140_norra_vendelso,2015,90
5211140_norra_vendelso,2016,103
5211140_norra_vendelso,2017,106
5211150_dalen,2015,139
5211150_dalen,2016,144
5211150_dalen,2017,143
5211210_vendelsomalm,2015,48
5211210_vendelsomalm,2016,46
5211210_vendelsomalm,2017,52
5211220_eriksberg,2015,-33
5211220_eriksberg,2016,-30
5211220_eriksberg,2017,-21
5211230_ramsdalen,2015,10
5211230_ramsdalen,2016,3
5211230_ramsdalen,2017,2
5211320_brandbergens_industriomr,2015,-4
5211320_brandbergens_industriomr,2016,-4
5211320_brandbergens_industriomr,2017,-5
5211330_brandbergen_flerbost_hus,2015,-271
5211330_brandbergen_flerbost_hus,2016,-241
5211330_brandbergen_flerbost_hus,2017,-229
5211340_brandbergen_smahus,2015,32
5211340_brandbergen_smahus,2016,36
5211340_brandbergen_smahus,2017,34
5211430_kolartorp,2015,19
5211430_kolartorp,2016,57
5211430_kolartorp,2017,100
5211440_vega_vega_soderhagen,2015,147
5211440_vega_vega_soderhagen,2016,163
5211440_vega_vega_soderhagen,2017,168
5211450_kvarntorp_kvarntorp_v_gamla_nynasvagen,2015,87
5211450_kvarntorp_kvarntorp_v_gamla_nynasvagen,2016,127
5211450_kvarntorp_kvarntorp_v_gamla_nynasvagen,2017,181
5211511_haninge_centrum,2015,-53
5211511_haninge_centrum,2016,-46
5211511_haninge_centrum,2017,-49
5211512_vastra_handen,2015,-74
5211512_vastra_handen,2016,-55
5211512_vastra_handen,2017,-42
5211520_norra_handen,2015,16
5211520_norra_handen,2016,8
5211520_norra_handen,2017,5
5211540_valla,2015,-320
5211540_valla,2016,-340
5211540_valla,2017,-351
5211550_sodra_handen,2015,68
5211550_sodra_handen,2016,62
5211550_sodra_handen,2017,71
5211610_jordbro_flerbostadshus,2015,-320
5211610_jordbro_flerbostadshus,2016,-318
5211610_jordbro_flerbostadshus,2017,-310
5211620_jordbro_smahus,2015,-9
5211620_jordbro_smahus,2016,-24
5211620_jordbro_smahus,2017,-32
5211710_norrby,2015,9
5211710_norrby,2016,10
5211710_norrby,2017,13
5211800_norra_soderby,2015,34
5211800_norra_soderby,2016,33
5211800_norra_soderby,2017,31
5211920_galo_sandemar,2015,11
5211920_galo_sandemar,2016,10
5211920_galo_sandemar,2017,10
5211930_tyresta,2016,15
5211930_tyresta,2017,14
5211940_osterhaninge_kyrka,2015,32
5211940_osterhaninge_kyrka,2016,40
5211940_osterhaninge_kyrka,2017,42
5211950_arsta_havsbad_o,2015,8
5211950_arsta_havsbad_o,2016,9
5211950_arsta_havsbad_o,2017,8
5222100_dalaro,2015,77
5222100_dalaro,2016,70
5222100_dalaro,2017,70
5222500_smadalaro,2015,38
5222500_smadalaro,2016,42
5222500_smadalaro,2017,42
5233000_uto,2015,-12
5233000_uto,2016,-14
5233000_uto,2017,-15
5240000_orno_forsamling,2015,31
5240000_orno_forsamling,2016,33
5240000_orno_forsamling,2017,34
5255110_aby,2015,-86
5255110_aby,2016,-65
5255110_aby,2017,-57
5255121_jagartorp,2015,28
5255121_jagartorp,2016,25
5255121_jagartorp,2017,36
5255130_vasterhaninge_kyrka,2015,101
5255130_vasterhaninge_kyrka,2016,123
5255130_vasterhaninge_kyrka,2017,119
5255140_ribby,2015,-21
5255140_ribby,2016,-17
5255140_ribby,2017,-14
5255150_nedersta_nodesta,2015,8
5255150_nedersta_nodesta,2016,10
5255150_nedersta_nodesta,2017,24
5255210_norra_tungelsta,2015,92
5255210_norra_tungelsta,2016,88
5255210_norra_tungelsta,2017,89
5255220_sodra_tungelsta,2015,16
5255220_sodra_tungelsta,2016,20
5255220_sodra_tungelsta,2017,26
5255910_vasterhaninge_glesbygd_n,2015,17
5255910_vasterhaninge_glesbygd_n,2016,22
5255910_vasterhaninge_glesbygd_n,2017,24
5255920_vasterhaninge_glesbygd_s,2015,3
5255920_vasterhaninge_glesbygd_s,2016,2
5255920_vasterhaninge_glesbygd_s,2017,10
5255930_arsta_havsbad_v_berga,2015,13
5255930_arsta_havsbad_v_berga,2016,16
5255930_arsta_havsbad_v_berga,2017,18
5260000_musko_forsamling,2015,1
5260000_musko_forsamling,2016,4
5260000_musko_forsamling,2017,9
5310420_skogsang_milsten,2015,286
5310420_skogsang_milsten,2016,325
5310420_skogsang_milsten,2017,335
5310810_fullersta_gard,2015,-9
5310810_fullersta_gard,2016,-1
5310810_fullersta_gard,2017,20
5310830_fridhem,2015,197
5310830_fridhem,2016,221
5310830_fridhem,2017,234
5310840_kallbrink_vistaberg,2015,696
5310840_kallbrink_vistaberg,2016,746
5310840_kallbrink_vistaberg,2017,813
5310850_vardkasen,2015,60
5310850_vardkasen,2016,57
5310850_vardkasen,2017,61
5310910_sjodalen_huddinge_c,2015,-193
5310910_sjodalen_huddinge_c,2016,-167
5310910_sjodalen_huddinge_c,2017,-121
5310941_solgard,2015,106
5310941_solgard,2016,110
5310941_solgard,2017,120
5310942_sorskogen,2015,21
5310942_sorskogen,2016,25
5310942_sorskogen,2017,27
5310950_horningsns_balingsnas,2015,347
5310950_horningsns_balingsnas,2016,350
5310950_horningsns_balingsnas,2017,378
5311010_stuvsta_kvarnberget,2015,-54
5311010_stuvsta_kvarnberget,2016,-40
5311010_stuvsta_kvarnberget,2017,-30
5311030_segersminne,2015,162
5311030_segersminne,2016,172
5311030_segersminne,2017,188
5311041_stensangen_hogmora,2015,186
5311041_stensangen_hogmora,2016,199
5311041_stensangen_hogmora,2017,214
5311042_kynas,2015,208
5311042_kynas,2016,220
5311042_kynas,2017,230
5311110_glado_kvarn,2015,40
5311110_glado_kvarn,2016,44
5311110_glado_kvarn,2017,46
5311120_adran,2015,13
5311120_adran,2016,13
5311120_adran,2017,17
5320110_trangsunds_centrum,2015,-139
5320110_trangsunds_centrum,2016,-142
5320110_trangsunds_centrum,2017,-147
5320120_trangsunds_smahus,2015,492
5320120_trangsunds_smahus,2016,502
5320120_trangsunds_smahus,2017,501
5320310_vastra_skogas,2015,-134
5320310_vastra_skogas,2016,-119
5320310_vastra_skogas,2017,-143
5320320_ostra_skogas,2015,131
5320320_ostra_skogas,2016,148
5320320_ostra_skogas,2017,151
5320410_lanna_drevviken,2015,144
5320410_lanna_drevviken,2016,149
5320410_lanna_drevviken,2017,160
5320510_trangsunds_glesbygd,2015,60
5320510_trangsunds_glesbygd,2016,60
5320510_trangsunds_glesbygd,2017,66
5320520_vidja,2015,9
5320520_vidja,2016,14
5320520_vidja,2017,20
5330110_varby_gard,2015,-306
5330110_varby_gard,2016,-310
5330110_varby_gard,2017,-333
5330200_masmo,2015,-23
5330200_masmo,2016,-26
5330200_masmo,2017,-32
5330331_smista_juringe,2015,228
5330331_smista_juringe,2016,252
5330331_smista_juringe,2017,260
5330332_jakobslund,2015,55
5330332_jakobslund,2016,68
5330332_jakobslund,2017,73
5330340_krakvik,2015,144
5330340_krakvik,2016,158
5330340_krakvik,2017,203
5330410_utsalje,2015,94
5330410_utsalje,2016,120
5330410_utsalje,2017,132
5330430_snattringe_gard,2015,39
5330430_snattringe_gard,2016,50
5330430_snattringe_gard,2017,50
5340500_glomsta,2015,223
5340500_glomsta,2016,242
5340500_glomsta,2017,292
5340630_kasta,2015,63
5340630_kasta,2016,69
5340630_kasta,2017,76
5340640_grantorp,2015,-900
5340640_grantorp,2016,-941
5340640_grantorp,2017,-1018
5340710_visattra,2015,-392
5340710_visattra,2016,-415
5340710_visattra,2017,-436
5411010_henriksdal,2015,-3
5411010_henriksdal,2016,16
5411010_henriksdal,2017,47
5411020_finnberget,2015,75
5411020_finnberget,2016,83
5411020_finnberget,2017,82
5411030_kvarnholmen,2015,288
5411030_kvarnholmen,2016,316
5411030_kvarnholmen,2017,365
5411040_danviken,2015,823
5411040_danviken,2016,885
5411040_danviken,2017,967
5411100_alphyddan,2015,-18
5411100_alphyddan,2016,0
5411100_alphyddan,2017,8
5411110_finntorp,2015,117
5411110_finntorp,2016,133
5411110_finntorp,2017,163
5411130_ekudden,2015,112
5411130_ekudden,2016,104
5411130_ekudden,2017,124
5411140_jarla_industriomr,2015,472
5411140_jarla_industriomr,2016,476
5411140_jarla_industriomr,2017,494
5411200_sickla_industriomr,2015,69
5411200_sickla_industriomr,2016,64
5411200_sickla_industriomr,2017,41
5411210_tallbacken,2015,157
5411210_tallbacken,2016,167
5411210_tallbacken,2017,177
5411220_nysatra,2015,64
5411220_nysatra,2016,65
5411220_nysatra,2017,73
5411320_jarlaberg,2015,15
5411320_jarlaberg,2016,55
5411320_jarlaberg,2017,62
5411330_vikdalen,2015,14
5411330_vikdalen,2016,16
5411330_vikdalen,2017,19
5411340_nacka_strand,2015,5
5411340_nacka_strand,2016,0
5411340_nacka_strand,2017,22
5411410_nacka_centrum,2015,66
5411410_nacka_centrum,2016,66
5411410_nacka_centrum,2017,61
5411500_storangen,2015,130
5411500_storangen,2016,153
5411500_storangen,2017,165
5411600_duvnas_utskog,2015,96
5411600_duvnas_utskog,2016,104
5411600_duvnas_utskog,2017,113
5411610_skuru,2015,184
5411610_skuru,2016,208
5411610_skuru,2017,229
5411700_skogalund,2015,49
5411700_skogalund,2016,46
5411700_skogalund,2017,46
5411710_vastra_ektorp,2015,-154
5411710_vastra_ektorp,2016,-157
5411710_vastra_ektorp,2017,-164
5411720_ostra_ektorp,2015,4
5411720_ostra_ektorp,2016,11
5411720_ostra_ektorp,2017,5
5411740_saltangen,2015,-68
5411740_saltangen,2016,-53
5411740_saltangen,2017,-62
5411800_duvnas,2015,122
5411800_duvnas,2016,142
5411800_duvnas,2017,145
5411900_hasthagen,2015,62
5411900_hasthagen,2016,60
5411900_hasthagen,2017,65
5413001_fisksatra_sm,2015,-3
5413001_fisksatra_sm,2016,-3
5413001_fisksatra_sm,2017,1
5413002_fisksatra_fh,2015,-373
5413002_fisksatra_fh,2016,-398
5413002_fisksatra_fh,2017,-381
5414001_erstavik,2015,22
5414001_erstavik,2016,20
5414001_erstavik,2017,17
5414100_kolarangen,2015,146
5414100_kolarangen,2016,153
5414100_kolarangen,2017,162
5414200_alta_gard,2015,199
5414200_alta_gard,2016,209
5414200_alta_gard,2017,221
5414300_stenso,2015,95
5414300_stenso,2016,96
5414300_stenso,2017,84
5414310_hedvigslund,2015,449
5414310_hedvigslund,2016,483
5414310_hedvigslund,2017,526
5423100_igelboda,2015,227
5423100_igelboda,2016,246
5423100_igelboda,2017,262
5423201_solsidan_norr,2015,23
5423201_solsidan_norr,2016,25
5423201_solsidan_norr,2017,26
5423202_saltsjobaden_centrum,2015,-47
5423202_saltsjobaden_centrum,2016,-46
5423202_saltsjobaden_centrum,2017,-43
5423230_tattby,2015,100
5423230_tattby,2016,107
5423230_tattby,2017,118
5423300_neglingeon,2015,145
5423300_neglingeon,2016,143
5423300_neglingeon,2017,153
5423400_solsidan,2015,144
5423400_solsidan,2016,150
5423400_solsidan,2017,155
5423500_algo,2015,86
5423500_algo,2016,95
5423500_algo,2017,110
5432000_norra_bjorknas,2015,108
5432000_norra_bjorknas,2016,117
5432000_norra_bjorknas,2017,129
5432020_sodra_bjorknas,2015,151
5432020_sodra_bjorknas,2016,162
5432020_sodra_bjorknas,2017,177
5432030_klinten,2015,-2
5432030_klinten,2016,-5
5432030_klinten,2017,6
5432100_eknas,2015,289
5432100_eknas,2016,336
5432100_eknas,2017,416
5432200_vastra_kummelnas,2015,192
5432200_vastra_kummelnas,2016,198
5432200_vastra_kummelnas,2017,206
5432220_ostra_kummelnas,2015,255
5432220_ostra_kummelnas,2016,272
5432220_ostra_kummelnas,2017,295
5432300_kil,2015,93
5432300_kil,2016,123
5432300_kil,2017,129
5432400_krokhojden,2015,38
5432400_krokhojden,2016,35
5432400_krokhojden,2017,36
5432410_orminge,2015,-123
5432410_orminge,2016,-109
5432410_orminge,2017,-114
5432500_mensattra,2015,100
5432500_mensattra,2016,101
5432500_mensattra,2017,102
5432600_kallvagen,2015,199
5432600_kallvagen,2016,222
5432600_kallvagen,2017,237
5432610_eriksvik,2015,116
5432610_eriksvik,2016,129
5432610_eriksvik,2017,139
5432700_norra_lannersta,2015,219
5432700_norra_lannersta,2016,232
5432700_norra_lannersta,2017,244
5432710_sodra_lannersta,2015,177
5432710_sodra_lannersta,2016,189
5432710_sodra_lannersta,2017,192
5432810_boo_gard,2015,255
5432810_boo_gard,2016,281
5432810_boo_gard,2017,294
5432900_gustavsvik,2015,46
5432900_gustavsvik,2016,50
5432900_gustavsvik,2017,49
5511000_vastra_trollbacken,2015,255
5511000_vastra_trollbacken,2016,279
5511000_vastra_trollbacken,2017,292
5511120_centrala_trollbacken,2015,81
5511120_centrala_trollbacken,2016,85
5511120_centrala_trollbacken,2017,93
5511130_sodergarden,2015,114
5511130_sodergarden,2016,116
5511130_sodergarden,2017,114
5511140_skalsatra,2015,108
5511140_skalsatra,2016,124
5511140_skalsatra,2017,123
5511150_norra_hanviken,2015,63
5511150_norra_hanviken,2016,65
5511150_norra_hanviken,2017,72
5511160_sodra_hanviken,2015,54
5511160_sodra_hanviken,2016,56
5511160_sodra_hanviken,2017,55
5512010_norra_lindalen,2015,30
5512010_norra_lindalen,2016,95
5512010_norra_lindalen,2017,96
5513010_tyreso_centrum,2015,1
5513010_tyreso_centrum,2016,6
5513010_tyreso_centrum,2017,6
5513020_simvagen,2015,-42
5513020_simvagen,2016,-43
5513020_simvagen,2017,-47
5513110_granitvagen,2015,-33
5513110_granitvagen,2016,-21
5513110_granitvagen,2017,-19
5513120_pluggvagen,2015,-29
5513120_pluggvagen,2016,-32
5513120_pluggvagen,2017,-27
5513140_mellanbergsvagen,2015,-34
5513140_mellanbergsvagen,2016,-19
5513140_mellanbergsvagen,2017,-26
5513150_granangsringen,2015,-124
5513150_granangsringen,2016,-118
5513150_granangsringen,2017,-106
5513160_vastra_farmarstigen,2015,25
5513160_vastra_farmarstigen,2016,26
5513160_vastra_farmarstigen,2017,24
5513170_ostra_farmarstigen,2015,-46
5513170_ostra_farmarstigen,2016,-42
5513170_ostra_farmarstigen,2017,-36
5513210_ostra_bollmora,2015,-17
5513210_ostra_bollmora,2016,-13
5513210_ostra_bollmora,2017,-18
5513220_bondevagen,2015,45
5513220_bondevagen,2016,52
5513220_bondevagen,2017,57
5513310_norra_bollmora,2015,21
5513310_norra_bollmora,2016,26
5513310_norra_bollmora,2017,23
5513330_vastra_fardala,2015,32
5513330_vastra_fardala,2016,40
5513330_vastra_fardala,2017,37
5513410_fardala,2015,34
5513410_fardala,2016,47
5513410_fardala,2017,41
5514000_krusboda,2015,38
5514000_krusboda,2016,37
5514000_krusboda,2017,27
5515010_oringe,2015,42
5515010_oringe,2016,53
5515010_oringe,2017,57
5515120_strand_norr_tyreso_strand_centrum_strand_syd_gimmersta,2015,559
5515120_strand_norr_tyreso_strand_centrum_strand_syd_gimmersta,2016,600
5515120_strand_norr_tyreso_strand_centrum_strand_syd_gimmersta,2017,642
5515210_vissvass_raksta_solberga_bergholm,2015,58
5515210_vissvass_raksta_solberga_bergholm,2016,59
5515210_vissvass_raksta_solberga_bergholm,2017,60
5515220_inre_brevik_yttre_brevik,2015,151
5515220_inre_brevik_yttre_brevik,2016,162
5515220_inre_brevik_yttre_brevik,2017,166
5610200_mortnas,2015,311
5610200_mortnas,2016,353
5610200_mortnas,2017,383
5610500_gustavsbergs_glesbygd_gustavsbergs_glesbygd_v,2015,107
5610500_gustavsbergs_glesbygd_gustavsbergs_glesbygd_v,2016,122
5610500_gustavsbergs_glesbygd_gustavsbergs_glesbygd_v,2017,130
5611110_munkmora,2015,-32
5611110_munkmora,2016,-31
5611110_munkmora,2017,-31
5611120_lugnet_flerbostadshus,2015,-15
5611120_lugnet_flerbostadshus,2016,-12
5611120_lugnet_flerbostadshus,2017,-3
5611130_lugnet_smahus,2015,36
5611130_lugnet_smahus,2016,37
5611130_lugnet_smahus,2017,42
5611140_hojdhagen,2015,150
5611140_hojdhagen,2016,160
5611140_hojdhagen,2017,175
5611150_sodra_gustavsberg_hasthagen,2015,410
5611150_sodra_gustavsberg_hasthagen,2016,471
5611150_sodra_gustavsberg_hasthagen,2017,638
5611160_osby_grind,2015,10
5611160_osby_grind,2016,12
5611160_osby_grind,2017,12
5611170_osbydalen,2015,44
5611170_osbydalen,2016,47
5611170_osbydalen,2017,49
5611190_holmviksskogen,2015,-18
5611190_holmviksskogen,2016,-12
5611190_holmviksskogen,2017,-11
5620100_brunn,2015,33
5620100_brunn,2016,35
5620100_brunn,2017,40
5620510_norra_ingaro_sodra_farstalandet,2015,163
5620510_norra_ingaro_sodra_farstalandet,2016,174
5620510_norra_ingaro_sodra_farstalandet,2017,183
5620520_sydvastra_ingaro,2015,128
5620520_sydvastra_ingaro,2016,142
5620520_sydvastra_ingaro,2017,150
5620530_langvik_klacknaset_skalsmara,2015,113
5620530_langvik_klacknaset_skalsmara,2016,120
5620530_langvik_klacknaset_skalsmara,2017,132
5630110_hemmesta,2015,57
5630110_hemmesta,2016,73
5630110_hemmesta,2017,85
5630120_fruvik,2015,126
5630120_fruvik,2016,135
5630120_fruvik,2017,152
5630130_hemmestahojden,2015,1
5630130_hemmestahojden,2016,3
5630130_hemmestahojden,2017,1
5630200_angsvik,2015,-22
5630200_angsvik,2016,-23
5630200_angsvik,2017,-20
5630300_skepsdalsstrom,2015,303
5630300_skepsdalsstrom,2016,316
5630300_skepsdalsstrom,2017,317
5630400_kopparmora,2015,20
5630400_kopparmora,2016,17
5630400_kopparmora,2017,19
5630510_norra_varmdo_torsby_evlinge_saltaro_skarmaro,2015,163
5630510_norra_varmdo_torsby_evlinge_saltaro_skarmaro,2016,170
5630510_norra_varmdo_torsby_evlinge_saltaro_skarmaro,2017,181
5630520_sodra_varmdolandet_stromma_bullando_alvsala_fagerdala_fagelbrolandet,2015,93
5630520_sodra_varmdolandet_stromma_bullando_alvsala_fagerdala_fagelbrolandet,2016,103
5630520_sodra_varmdolandet_stromma_bullando_alvsala_fagerdala_fagelbrolandet,2017,109
5630600_varmdo_norra_skargard,2015,5
5630600_varmdo_norra_skargard,2016,4
5630600_varmdo_norra_skargard,2017,1
5640100_djurhamn,2015,-12
5640100_djurhamn,2016,-16
5640100_djurhamn,2017,-11
5640200_stavsnas,2015,-15
5640200_stavsnas,2016,-11
5640200_stavsnas,2017,-4
5640510_stavsnas_glesbygd,2015,34
5640510_stavsnas_glesbygd,2016,35
5640510_stavsnas_glesbygd,2017,50
5640520_djuro_glesbygd,2015,29
5640520_djuro_glesbygd,2016,39
5640520_djuro_glesbygd,2017,45
5640600_djuro_skargard,2015,35
5640600_djuro_skargard,2016,31
5640600_djuro_skargard,2017,39
5650000_moja_forsamling,2015,0
5650000_moja_forsamling,2016,0
5650000_moja_forsamling,2017,-2
5660000_namdo_forsamling,2015,-1
5660000_namdo_forsamling,2016,0
5660000_namdo_forsamling,2017,1
5711010_soderby_garde,2015,-20
5711010_soderby_garde,2016,-10
5711010_soderby_garde,2017,-15
5711020_soderby_park,2015,154
5711020_soderby_park,2016,163
5711020_soderby_park,2017,170
5711110_skyttorp,2015,40
5711110_skyttorp,2016,51
5711110_skyttorp,2017,53
5711120_skogsang,2015,13
5711120_skogsang,2016,11
5711120_skogsang,2017,15
5711130_soderby,2015,43
5711130_soderby,2016,42
5711130_soderby,2017,40
5711200_salems_centrum,2015,-81
5711200_salems_centrum,2016,-63
5711200_salems_centrum,2017,-52
5712110_norra_ronninge,2015,159
5712110_norra_ronninge,2016,166
5712110_norra_ronninge,2017,165
5712210_uttringe,2015,66
5712210_uttringe,2016,71
5712210_uttringe,2017,76
5712220_ostra_ronninge,2015,200
5712220_ostra_ronninge,2016,216
5712220_ostra_ronninge,2017,226
5712300_ronninge_centrum,2015,10
5712300_ronninge_centrum,2016,10
5712300_ronninge_centrum,2017,2
5713000_salems_glesbygd,2015,3
5713000_salems_glesbygd,2016,1
6110310_norrtalje_centrum,2015,59
6110310_norrtalje_centrum,2016,65
6110310_norrtalje_centrum,2017,65
6110320_fagelsangen,2015,48
6110320_fagelsangen,2016,55
6110320_fagelsangen,2017,66
6110330_vastra_rodenstaden,2015,-48
6110330_vastra_rodenstaden,2016,-44
6110330_vastra_rodenstaden,2017,-49
6110340_ostra_rodenstaden,2015,54
6110340_ostra_rodenstaden,2016,54
6110340_ostra_rodenstaden,2017,78
6110350_norgegardet,2015,-18
6110350_norgegardet,2016,-7
6110350_norgegardet,2017,11
6110360_roslagsstaden,2015,-3
6110360_roslagsstaden,2016,0
6110360_roslagsstaden,2017,19
6110410_grossgardet,2015,-51
6110410_grossgardet,2016,-43
6110410_grossgardet,2017,-30
6110430_sodra_bergen,2015,-31
6110430_sodra_bergen,2016,-27
6110430_sodra_bergen,2017,-32
6110440_vastra_kvisthamra,2015,-21
6110440_vastra_kvisthamra,2016,-20
6110450_kvisthamra,2015,50
6110450_kvisthamra,2016,48
6110450_kvisthamra,2017,58
6121000_malsta_forsamling,2015,4
6121000_malsta_forsamling,2016,7
6121000_malsta_forsamling,2017,9
6122000_loharads_forsamling,2015,12
6122000_loharads_forsamling,2016,12
6122000_loharads_forsamling,2017,15
6123100_svanberga,2015,16
6123100_svanberga,2016,14
6123100_svanberga,2017,15
6123210_farsna,2015,43
6123210_farsna,2016,48
6123210_farsna,2017,48
6123220_sodra_estuna,2015,15
6123220_sodra_estuna,2016,21
6123220_sodra_estuna,2017,21
6123500_estuna_glesbygd,2015,17
6123500_estuna_glesbygd,2016,19
6123500_estuna_glesbygd,2017,19
6125000_roslags_bro,2015,51
6125000_roslags_bro,2016,54
6125000_roslags_bro,2017,62
6126500_vato_fastland,2015,18
6126500_vato_fastland,2016,23
6126500_vato_fastland,2017,22
6126600_vato,2015,44
6126600_vato,2016,53
6126600_vato,2017,55
6131100_sodersvik,2015,20
6131100_sodersvik,2016,21
6131501_radmansolandet,2015,68
6131501_radmansolandet,2016,73
6131501_radmansolandet,2017,80
6131502_graddo,2015,3
6131502_graddo,2016,3
6131502_graddo,2017,3
6132120_osthamra,2015,3
6132120_osthamra,2016,7
6132120_osthamra,2017,8
6132200_frotuna,2015,25
6132200_frotuna,2016,26
6132200_frotuna,2017,25
6132501_frotuna_o_glesbygd,2015,79
6132501_frotuna_o_glesbygd,2016,88
6132501_frotuna_o_glesbygd,2017,89
6132502_spillersboda,2015,4
6132502_spillersboda,2016,8
6132502_spillersboda,2017,11
6133100_furusund,2015,9
6133100_furusund,2017,12
6133200_kopmanholm,2015,2
6133200_kopmanholm,2016,2
6133200_kopmanholm,2017,1
6133600_yxlan,2015,12
6133600_yxlan,2016,13
6133600_yxlan,2017,18
6133700_blido,2015,18
6133700_blido,2016,19
6133700_blido,2017,24
6134100_bergshamra,2015,20
6134100_bergshamra,2016,22
6134100_bergshamra,2017,19
6134510_lanna_fastland,2015,67
6134510_lanna_fastland,2016,86
6134510_lanna_fastland,2017,101
6134520_svartno,2015,17
6134520_svartno,2016,17
6134520_svartno,2017,19
6135000_riala_forsamling,2015,29
6135000_riala_forsamling,2016,40
6135000_riala_forsamling,2017,45
6141110_sodra_rimbo,2015,1
6141110_sodra_rimbo,2016,2
6141110_sodra_rimbo,2017,9
6141120_hasta,2015,20
6141120_hasta,2016,27
6141120_hasta,2017,22
6141130_vastertorp,2015,-23
6141130_vastertorp,2016,-22
6141130_vastertorp,2017,-15
6141500_rimbo_glesbygd,2015,20
6141500_rimbo_glesbygd,2016,20
6141500_rimbo_glesbygd,2017,31
6142100_ranas,2015,-14
6142100_ranas,2016,-13
6142100_ranas,2017,-11
6142500_fasterna_glesbygd,2015,13
6142500_fasterna_glesbygd,2016,17
6142500_fasterna_glesbygd,2017,18
6143100_edsbro,2015,7
6143100_edsbro,2016,6
6143500_edsbro_glesbygd,2015,13
6143500_edsbro_glesbygd,2016,16
6143500_edsbro_glesbygd,2017,20
6144000_skederids_forsamling,2015,31
6144000_skederids_forsamling,2016,35
6144000_skederids_forsamling,2017,32
6145000_husby_sjuhundra,2015,27
6145000_husby_sjuhundra,2016,27
6145000_husby_sjuhundra,2017,32
6146000_ro_forsamling,2015,32
6146000_ro_forsamling,2016,36
6146000_ro_forsamling,2017,39
6147000_nartuna_forsamling,2015,27
6147000_nartuna_forsamling,2016,30
6147000_nartuna_forsamling,2017,27
6148000_gottrora_forsamling,2015,6
6148000_gottrora_forsamling,2016,6
6148000_gottrora_forsamling,2017,12
6151100_ostra_hallstavik,2015,6
6151100_ostra_hallstavik,2016,7
6151100_ostra_hallstavik,2017,13
6151200_herrang,2015,-6
6151200_herrang,2016,-6
6151200_herrang,2017,-6
6151500_havero_glesbygd,2015,34
6151500_havero_glesbygd,2016,41
6151500_havero_glesbygd,2017,40
6152100_vastra_hallstavik,2015,-2
6152100_vastra_hallstavik,2016,-2
6152100_vastra_hallstavik,2017,0
6152500_edebo_glesbygd,2015,17
6152500_edebo_glesbygd,2016,17
6152500_edebo_glesbygd,2017,20
6154100_skebobruk,2015,11
6154100_skebobruk,2016,10
6154100_skebobruk,2017,7
6154500_ununge_glesbygd,2016,4
6154500_ununge_glesbygd,2017,6
6161000_singo_forsamling,2015,-11
6161000_singo_forsamling,2016,-11
6161000_singo_forsamling,2017,-7
6162100_almsta,2015,28
6162100_almsta,2016,29
6162100_almsta,2017,38
6162200_grisslehamn,2015,3
6162200_grisslehamn,2016,4
6162200_grisslehamn,2017,3
6162510_vaddo_fastland,2015,8
6162510_vaddo_fastland,2016,7
6162510_vaddo_fastland,2017,3
6162520_vaddo,2015,35
6162520_vaddo,2016,37
6162520_vaddo,2017,37
6163500_bjorko,2015,17
6163500_bjorko,2016,15
6163500_bjorko,2017,17
6164100_soderby_karl,2015,-3
6164100_soderby_karl,2017,-1
6164500_soderby_karls_glesbygd,2015,18
6164500_soderby_karls_glesbygd,2016,17
6164500_soderby_karls_glesbygd,2017,11
6210240_nicksta,2015,-25
6210240_nicksta,2016,-19
6210240_nicksta,2017,-13
6210270_kallsmo,2015,0
6210270_kallsmo,2016,1
6210350_vastra_nynashamn_c,2015,-43
6210350_vastra_nynashamn_c,2016,-36
6210350_vastra_nynashamn_c,2017,-30
6210360_ostra_nynashamn_c,2015,72
6210360_ostra_nynashamn_c,2016,79
6210360_ostra_nynashamn_c,2017,82
6210410_nynashamn_sv_esto,2015,9
6210410_nynashamn_sv_esto,2016,5
6210410_nynashamn_sv_esto,2017,2
6210440_sandhamn_mm,2015,8
6210440_sandhamn_mm,2016,5
6210440_sandhamn_mm,2017,10
6210490_trehorningen_mm,2015,22
6210490_trehorningen_mm,2016,18
6210490_trehorningen_mm,2017,15
6210520_vaktberget,2015,-2
6210520_vaktberget,2016,-4
6210520_vaktberget,2017,-5
6210570_rappsta_hacktorp,2015,8
6210570_rappsta_hacktorp,2016,11
6210570_rappsta_hacktorp,2017,8
6210640_hamnvik,2017,7
6220100_sorunda,2015,-17
6220100_sorunda,2016,-23
6220100_sorunda,2017,-25
6220200_stora_vika,2015,-5
6220200_stora_vika,2016,-2
6220200_stora_vika,2017,3
6220300_grodby,2015,-14
6220300_grodby,2016,-13
6220300_grodby,2017,-12
6220510_liso,2015,9
6220510_liso,2016,12
6220510_liso,2017,11
6220520_sorunda_vastra_glesbygd,2015,15
6220520_sorunda_vastra_glesbygd,2016,18
6220520_sorunda_vastra_glesbygd,2017,21
6220530_sorunda_ostra_glesbygd,2015,33
6220530_sorunda_ostra_glesbygd,2016,40
6220530_sorunda_ostra_glesbygd,2017,42
6230000_toro_forsamling,2015,8
6230000_toro_forsamling,2016,17
6230000_toro_forsamling,2017,25
6240100_osmo,2015,-18
6240100_osmo,2016,-20
6240100_osmo,2017,-24
6240510_jarflotta,2016,29
6240530_osmo_ostra_glesbygd,2015,3
6240530_osmo_ostra_glesbygd,2016,3
6240540_osmo_vastra_glesbygd,2015,44
6240540_osmo_vastra_glesbygd,2016,39
6240540_osmo_vastra_glesbygd,2017,47
6240550_osmo_norra_glesbygd,2015,157
6240550_osmo_norra_glesbygd,2016,157
6240550_osmo_norra_glesbygd,2017,154
6310110_ostra_centrum,2015,-119
6310110_ostra_centrum,2016,-117
6310110_ostra_centrum,2017,-115
6310120_vastra_centrum,2015,-95
6310120_vastra_centrum,2016,-94
6310120_vastra_centrum,2017,-84
6310130_kvarnberga,2015,-28
6310130_kvarnberga,2016,-24
6310130_kvarnberga,2017,-34
6310170_vardsholmen,2015,-122
6310170_vardsholmen,2016,-115
6310170_vardsholmen,2017,-92
6310320_blombacka,2015,-73
6310320_blombacka,2016,-61
6310320_blombacka,2017,-37
6310330_mariekalla,2015,-209
6310330_mariekalla,2016,-193
6310330_mariekalla,2017,-189
6310340_saltskog,2015,-56
6310340_saltskog,2016,-42
6310340_saltskog,2017,-58
6310351_sodra_vastergard,2015,21
6310351_sodra_vastergard,2016,16
6310351_sodra_vastergard,2017,19
6310352_norra_vastergard,2015,-87
6310352_norra_vastergard,2016,-75
6310352_norra_vastergard,2017,-78
6310353_vastra_vastergard,2015,13
6310353_vastra_vastergard,2016,12
6310353_vastra_vastergard,2017,11
6310360_barstafaltet,2015,8
6310360_barstafaltet,2016,9
6310360_barstafaltet,2017,8
6310370_barstabergen,2015,-29
6310370_barstabergen,2016,-24
6310370_barstabergen,2017,-18
6310422_stationsomradet_sodra,2015,-56
6310422_stationsomradet_sodra,2016,-51
6310422_stationsomradet_sodra,2017,-60
6320510_vastra_grusasen,2015,-50
6320510_vastra_grusasen,2016,-52
6320510_vastra_grusasen,2017,-71
6320520_ostra_grusasen,2015,-124
6320520_ostra_grusasen,2016,-129
6320520_ostra_grusasen,2017,-139
6320541_sodra_brunnsang,2015,-65
6320541_sodra_brunnsang,2016,-61
6320541_sodra_brunnsang,2017,-64
6320542_norra_brunnsang,2015,-15
6320542_norra_brunnsang,2016,-8
6320542_norra_brunnsang,2017,-20
6320550_ragnhildsborg,2015,81
6320550_ragnhildsborg,2016,89
6320550_ragnhildsborg,2017,85
6320611_kusens_backe,2015,11
6320611_kusens_backe,2016,9
6320611_kusens_backe,2017,4
6320612_sjukhuset,2015,-33
6320612_sjukhuset,2016,-31
6320612_sjukhuset,2017,-35
6320621_ostra_rosenlund,2015,-55
6320621_ostra_rosenlund,2016,-66
6320621_ostra_rosenlund,2017,-68
6320622_rosenborg,2015,4
6320622_rosenborg,2017,7
6320940_viksberg,2015,88
6320940_viksberg,2016,89
6320940_viksberg,2017,89
6321710_igelsta,2015,41
6321710_igelsta,2016,44
6321710_igelsta,2017,44
6321720_ostertalje,2015,82
6321720_ostertalje,2016,82
6321720_ostertalje,2017,85
6321740_fornhojden,2015,-145
6321740_fornhojden,2016,-134
6321740_fornhojden,2017,-126
6330210_karlhov,2015,-19
6330210_karlhov,2016,-13
6330210_karlhov,2017,-11
6330220_sodra_ronna,2015,-159
6330220_sodra_ronna,2016,-169
6330220_sodra_ronna,2017,-163
6330230_norra_ronna,2015,-259
6330230_norra_ronna,2016,-251
6330230_norra_ronna,2017,-245
6330240_vastra_ronna,2016,0
6330250_lina_hage,2015,35
6330250_lina_hage,2016,43
6330250_lina_hage,2017,32
6330260_lina,2015,7
6330260_lina,2016,10
6330260_lina,2017,10
6330380_norra_geneta,2015,-158
6330380_norra_geneta,2016,-146
6330380_norra_geneta,2017,-150
6330391_vastra_geneta,2015,3
6330391_vastra_geneta,2016,4
6330391_vastra_geneta,2017,5
6330392_ostra_geneta,2015,-4
6330392_ostra_geneta,2016,-8
6330392_ostra_geneta,2017,-9
6341410_pershagen,2015,64
6341410_pershagen,2016,62
6341410_pershagen,2017,56
6341430_tveta_glesbygd,2015,25
6341430_tveta_glesbygd,2016,21
6341430_tveta_glesbygd,2017,18
6341451_hovsjo,2015,-144
6341451_hovsjo,2016,-143
6341451_hovsjo,2017,-151
6351200_enhorna_glesbygd,2015,47
6351200_enhorna_glesbygd,2016,55
6351200_enhorna_glesbygd,2017,65
6351210_ekeby,2015,17
6351210_ekeby,2016,15
6351210_ekeby,2017,15
6381100_molnbo,2015,46
6381100_molnbo,2016,50
6381100_molnbo,2017,43
6381500_vardinge_glesbygd,2015,31
6381500_vardinge_glesbygd,2016,31
6381500_vardinge_glesbygd,2017,31
6382100_jarna,2015,14
6382100_jarna,2016,30
6382100_jarna,2017,32
6382500_overjarna_glesbygd,2015,209
6382500_overjarna_glesbygd,2016,220
6382500_overjarna_glesbygd,2017,226
6383000_ytterjarna_forsamling,2015,-13
6383000_ytterjarna_forsamling,2016,-3
6383000_ytterjarna_forsamling,2017,3
6391100_holo,2015,15
6391100_holo,2016,22
6391100_holo,2017,19
6391500_holo_glesbygd,2015,69
6391500_holo_glesbygd,2016,77
6391500_holo_glesbygd,2017,80
6392000_morko_forsamling,2015,3
6392000_morko_forsamling,2016,8
6392000_morko_forsamling,2017,9
6410100_nykvarn,2015,251
6410100_nykvarn,2016,296
6410100_nykvarn,2017,322
6410500_turinge_glesbygd,2015,154
6410500_turinge_glesbygd,2016,162
6410500_turinge_glesbygd,2017,184
6420000_taxinge_forsamling,2015,58
6420000_taxinge_forsamling,2016,62
6420000_taxinge_forsamling,2017,67
